game,boxscore_visitor_name,boxscore_home_name,final score,visitorFinalScore,homeFinalScore,visitorRecord,homeRecord,gameDate,outcome,attendance,gameLocation,gameTime,Time Remaining,Away Team,Away Team Score,Home Team Score,Home Team,Point Differential,Period,Home Play Type,Home Shot Good,Home Shots Taken,Home 3PTRs Taken,Home Shooting PCT,Home 3PTRs PCT,Away Play Type,Away Shot Good,Away Shots Taken,Away 3PTRs Taken,Away Shooting PCT,Away 3PTRs PCT,Time Remaining Mins,Time Remaining Secs
23,CENTREM,Rhodes Men's Basketball,76-74,76,74,"18-5, 12-3","16-9, 12-3",02/17/13,Lose,264,No Location Recorded,3:00 PM,19:42,"TURNOVER  by ELLIS,BRYON",0,0,,0,1,,,0,0,,,,,0,0,,,39,2382
23,CENTREM,Rhodes Men's Basketball,76-74,76,74,"18-5, 12-3","16-9, 12-3",02/17/13,Lose,264,No Location Recorded,3:00 PM,19:41,,0,0,"STEAL  by MILLER,DREW",0,1,,,0,0,,,,,0,0,,,39,2381
23,CENTREM,Rhodes Men's Basketball,76-74,76,74,"18-5, 12-3","16-9, 12-3",02/17/13,Lose,264,No Location Recorded,3:00 PM,19:34,,0,0,"MISS 3PTR by GALOW,ANDREW",0,1,,,0,0,,,3ptr,miss,1,1,0.0,0.0,39,2374
23,CENTREM,Rhodes Men's Basketball,76-74,76,74,"18-5, 12-3","16-9, 12-3",02/17/13,Lose,264,No Location Recorded,3:00 PM,19:34,,0,0,"REBOUND OFF by MILLER,DREW",0,1,,,0,0,,,,,1,1,0.0,0.0,39,2374
23,CENTREM,Rhodes Men's Basketball,76-74,76,74,"18-5, 12-3","16-9, 12-3",02/17/13,Lose,264,No Location Recorded,3:00 PM,19:17,,0,2,"GOOD JUMPER by MILLER,DREW",2,1,,,0,0,,,jumper,good,2,1,0.5,0.0,39,2357
23,CENTREM,Rhodes Men's Basketball,76-74,76,74,"18-5, 12-3","16-9, 12-3",02/17/13,Lose,264,No Location Recorded,3:00 PM,18:49,"MISS LAYUP by KARSNER,JOSH",0,2,,2,1,layup,miss,1,0,0.0,,,,2,1,0.5,0.0,38,2329
23,CENTREM,Rhodes Men's Basketball,76-74,76,74,"18-5, 12-3","16-9, 12-3",02/17/13,Lose,264,No Location Recorded,3:00 PM,18:49,,0,2,"REBOUND DEF by MILLER,DREW",2,1,,,1,0,0.0,,,,2,1,0.5,0.0,38,2329
23,CENTREM,Rhodes Men's Basketball,76-74,76,74,"18-5, 12-3","16-9, 12-3",02/17/13,Lose,264,No Location Recorded,3:00 PM,18:23,,0,2,"MISS LAYUP by HARTWELL,THEO",2,1,,,1,0,0.0,,layup,miss,3,1,0.333,0.0,38,2303
23,CENTREM,Rhodes Men's Basketball,76-74,76,74,"18-5, 12-3","16-9, 12-3",02/17/13,Lose,264,No Location Recorded,3:00 PM,18:23,"REBOUND DEF by SCINTA,BLAKE",0,2,,2,1,,,1,0,0.0,,,,3,1,0.333,0.0,38,2303
23,CENTREM,Rhodes Men's Basketball,76-74,76,74,"18-5, 12-3","16-9, 12-3",02/17/13,Lose,264,No Location Recorded,3:00 PM,18:08,"GOOD 3PTR by ELLIS,BRYON",3,2,,-1,1,3ptr,good,2,1,0.5,1.0,,,3,1,0.333,0.0,38,2288
23,CENTREM,Rhodes Men's Basketball,76-74,76,74,"18-5, 12-3","16-9, 12-3",02/17/13,Lose,264,No Location Recorded,3:00 PM,17:49,,3,2,"MISS LAYUP by LIVSEY,GEOFF",-1,1,,,2,1,0.5,1.0,layup,miss,4,1,0.25,0.0,37,2269
23,CENTREM,Rhodes Men's Basketball,76-74,76,74,"18-5, 12-3","16-9, 12-3",02/17/13,Lose,264,No Location Recorded,3:00 PM,17:49,"REBOUND DEF by SCINTA,BLAKE",3,2,,-1,1,,,2,1,0.5,1.0,,,4,1,0.25,0.0,37,2269
23,CENTREM,Rhodes Men's Basketball,76-74,76,74,"18-5, 12-3","16-9, 12-3",02/17/13,Lose,264,No Location Recorded,3:00 PM,17:39,"GOOD 3PTR by KARSNER,JOSH",6,2,,-4,1,3ptr,good,3,2,0.667,1.0,,,4,1,0.25,0.0,37,2259
23,CENTREM,Rhodes Men's Basketball,76-74,76,74,"18-5, 12-3","16-9, 12-3",02/17/13,Lose,264,No Location Recorded,3:00 PM,17:39,"ASSIST  by SCINTA,BLAKE",6,2,,-4,1,,,3,2,0.667,1.0,,,4,1,0.25,0.0,37,2259
23,CENTREM,Rhodes Men's Basketball,76-74,76,74,"18-5, 12-3","16-9, 12-3",02/17/13,Lose,264,No Location Recorded,3:00 PM,17:24,,6,2,"MISS LAYUP by HARTWELL,THEO",-4,1,,,3,2,0.667,1.0,layup,miss,5,1,0.2,0.0,37,2244
23,CENTREM,Rhodes Men's Basketball,76-74,76,74,"18-5, 12-3","16-9, 12-3",02/17/13,Lose,264,No Location Recorded,3:00 PM,17:24,"REBOUND DEF by WESLEY,TYLER",6,2,,-4,1,,,3,2,0.667,1.0,,,5,1,0.2,0.0,37,2244
23,CENTREM,Rhodes Men's Basketball,76-74,76,74,"18-5, 12-3","16-9, 12-3",02/17/13,Lose,264,No Location Recorded,3:00 PM,17:06,"MISS 3PTR by ELLIS,BRYON",6,2,,-4,1,3ptr,miss,4,3,0.5,0.667,,,5,1,0.2,0.0,37,2226
23,CENTREM,Rhodes Men's Basketball,76-74,76,74,"18-5, 12-3","16-9, 12-3",02/17/13,Lose,264,No Location Recorded,3:00 PM,17:06,"REBOUND OFF by WESLEY,TYLER",6,2,,-4,1,,,4,3,0.5,0.667,,,5,1,0.2,0.0,37,2226
23,CENTREM,Rhodes Men's Basketball,76-74,76,74,"18-5, 12-3","16-9, 12-3",02/17/13,Lose,264,No Location Recorded,3:00 PM,17:01,"MISS 3PTR by KARSNER,JOSH",6,2,,-4,1,3ptr,miss,5,4,0.4,0.5,,,5,1,0.2,0.0,37,2221
23,CENTREM,Rhodes Men's Basketball,76-74,76,74,"18-5, 12-3","16-9, 12-3",02/17/13,Lose,264,No Location Recorded,3:00 PM,17:01,,6,2,"REBOUND DEF by HARTWELL,THEO",-4,1,,,5,4,0.4,0.5,,,5,1,0.2,0.0,37,2221
23,CENTREM,Rhodes Men's Basketball,76-74,76,74,"18-5, 12-3","16-9, 12-3",02/17/13,Lose,264,No Location Recorded,3:00 PM,16:40,,6,2,"MISS 3PTR by MCGRAIL,PATRICK",-4,1,,,5,4,0.4,0.5,3ptr,miss,6,2,0.167,0.0,36,2200
23,CENTREM,Rhodes Men's Basketball,76-74,76,74,"18-5, 12-3","16-9, 12-3",02/17/13,Lose,264,No Location Recorded,3:00 PM,16:40,"REBOUND DEF by WESLEY,TYLER",6,2,,-4,1,,,5,4,0.4,0.5,,,6,2,0.167,0.0,36,2200
23,CENTREM,Rhodes Men's Basketball,76-74,76,74,"18-5, 12-3","16-9, 12-3",02/17/13,Lose,264,No Location Recorded,3:00 PM,16:27,"GOOD LAYUP by WESLEY,TYLER(in the paint)",8,2,,-6,1,layup,good,6,4,0.5,0.5,,,6,2,0.167,0.0,36,2187
23,CENTREM,Rhodes Men's Basketball,76-74,76,74,"18-5, 12-3","16-9, 12-3",02/17/13,Lose,264,No Location Recorded,3:00 PM,16:27,,8,2,"FOUL  by LIVSEY,GEOFF",-6,1,,,6,4,0.5,0.5,foul,,6,2,0.167,0.0,36,2187
23,CENTREM,Rhodes Men's Basketball,76-74,76,74,"18-5, 12-3","16-9, 12-3",02/17/13,Lose,264,No Location Recorded,3:00 PM,16:27,"GOOD FT by WESLEY,TYLER",9,2,,-7,1,ft,good,7,4,0.571,0.5,,,6,2,0.167,0.0,36,2187
23,CENTREM,Rhodes Men's Basketball,76-74,76,74,"18-5, 12-3","16-9, 12-3",02/17/13,Lose,264,No Location Recorded,3:00 PM,16:27,"SUB IN by WHITESIDE,DONOVAN",9,2,,-7,1,,,7,4,0.571,0.5,,,6,2,0.167,0.0,36,2187
23,CENTREM,Rhodes Men's Basketball,76-74,76,74,"18-5, 12-3","16-9, 12-3",02/17/13,Lose,264,No Location Recorded,3:00 PM,16:27,"SUB OUT by KARSNER,JOSH",9,2,,-7,1,,,7,4,0.571,0.5,,,6,2,0.167,0.0,36,2187
23,CENTREM,Rhodes Men's Basketball,76-74,76,74,"18-5, 12-3","16-9, 12-3",02/17/13,Lose,264,No Location Recorded,3:00 PM,16:09,,9,2,"MISS 3PTR by MILLER,DREW",-7,1,,,7,4,0.571,0.5,3ptr,miss,7,3,0.143,0.0,36,2169
23,CENTREM,Rhodes Men's Basketball,76-74,76,74,"18-5, 12-3","16-9, 12-3",02/17/13,Lose,264,No Location Recorded,3:00 PM,16:09,"REBOUND DEF by SCINTA,BLAKE",9,2,,-7,1,,,7,4,0.571,0.5,,,7,3,0.143,0.0,36,2169
23,CENTREM,Rhodes Men's Basketball,76-74,76,74,"18-5, 12-3","16-9, 12-3",02/17/13,Lose,264,No Location Recorded,3:00 PM,16:01,"GOOD 3PTR by ELLIS,BRYON",12,2,,-10,1,3ptr,good,8,5,0.625,0.6,,,7,3,0.143,0.0,36,2161
23,CENTREM,Rhodes Men's Basketball,76-74,76,74,"18-5, 12-3","16-9, 12-3",02/17/13,Lose,264,No Location Recorded,3:00 PM,16:01,"ASSIST  by WESLEY,TYLER",12,2,,-10,1,,,8,5,0.625,0.6,,,7,3,0.143,0.0,36,2161
23,CENTREM,Rhodes Men's Basketball,76-74,76,74,"18-5, 12-3","16-9, 12-3",02/17/13,Lose,264,No Location Recorded,3:00 PM,15:56,,12,2,TIMEOUT TEAM by TEAM,-10,1,,,8,5,0.625,0.6,,,7,3,0.143,0.0,35,2156
23,CENTREM,Rhodes Men's Basketball,76-74,76,74,"18-5, 12-3","16-9, 12-3",02/17/13,Lose,264,No Location Recorded,3:00 PM,15:47,,12,4,"GOOD LAYUP by LIVSEY,GEOFF(in the paint)",-8,1,,,8,5,0.625,0.6,layup,good,8,3,0.25,0.0,35,2147
23,CENTREM,Rhodes Men's Basketball,76-74,76,74,"18-5, 12-3","16-9, 12-3",02/17/13,Lose,264,No Location Recorded,3:00 PM,15:47,,12,4,"ASSIST  by HARTWELL,THEO",-8,1,,,8,5,0.625,0.6,,,8,3,0.25,0.0,35,2147
23,CENTREM,Rhodes Men's Basketball,76-74,76,74,"18-5, 12-3","16-9, 12-3",02/17/13,Lose,264,No Location Recorded,3:00 PM,15:17,"GOOD LAYUP by TAYLOR,CHRIS(in the paint)",14,4,,-10,1,layup,good,9,5,0.667,0.6,,,8,3,0.25,0.0,35,2117
23,CENTREM,Rhodes Men's Basketball,76-74,76,74,"18-5, 12-3","16-9, 12-3",02/17/13,Lose,264,No Location Recorded,3:00 PM,15:03,,14,7,"GOOD 3PTR by GALOW,ANDREW",-7,1,,,9,5,0.667,0.6,3ptr,good,9,4,0.333,0.25,35,2103
23,CENTREM,Rhodes Men's Basketball,76-74,76,74,"18-5, 12-3","16-9, 12-3",02/17/13,Lose,264,No Location Recorded,3:00 PM,15:03,,14,7,"ASSIST  by LIVSEY,GEOFF",-7,1,,,9,5,0.667,0.6,,,9,4,0.333,0.25,35,2103
23,CENTREM,Rhodes Men's Basketball,76-74,76,74,"18-5, 12-3","16-9, 12-3",02/17/13,Lose,264,No Location Recorded,3:00 PM,14:39,"GOOD 3PTR by ELLIS,BRYON",17,7,,-10,1,3ptr,good,10,6,0.7,0.667,,,9,4,0.333,0.25,34,2079
23,CENTREM,Rhodes Men's Basketball,76-74,76,74,"18-5, 12-3","16-9, 12-3",02/17/13,Lose,264,No Location Recorded,3:00 PM,14:39,"ASSIST  by SCINTA,BLAKE",17,7,,-10,1,,,10,6,0.7,0.667,,,9,4,0.333,0.25,34,2079
23,CENTREM,Rhodes Men's Basketball,76-74,76,74,"18-5, 12-3","16-9, 12-3",02/17/13,Lose,264,No Location Recorded,3:00 PM,14:23,,17,9,"GOOD LAYUP by GALOW,ANDREW(in the paint)",-8,1,,,10,6,0.7,0.667,layup,good,10,4,0.4,0.25,34,2063
23,CENTREM,Rhodes Men's Basketball,76-74,76,74,"18-5, 12-3","16-9, 12-3",02/17/13,Lose,264,No Location Recorded,3:00 PM,14:03,"GOOD JUMPER by SCINTA,BLAKE(in the paint)",19,9,,-10,1,jumper,good,11,6,0.727,0.667,,,10,4,0.4,0.25,34,2043
23,CENTREM,Rhodes Men's Basketball,76-74,76,74,"18-5, 12-3","16-9, 12-3",02/17/13,Lose,264,No Location Recorded,3:00 PM,13:47,,19,9,"TURNOVER  by LIVSEY,GEOFF",-10,1,,,11,6,0.727,0.667,,,10,4,0.4,0.25,33,2027
23,CENTREM,Rhodes Men's Basketball,76-74,76,74,"18-5, 12-3","16-9, 12-3",02/17/13,Lose,264,No Location Recorded,3:00 PM,13:47,"SUB IN by HERTZEL,HOLDEN",19,9,,-10,1,,,11,6,0.727,0.667,,,10,4,0.4,0.25,33,2027
23,CENTREM,Rhodes Men's Basketball,76-74,76,74,"18-5, 12-3","16-9, 12-3",02/17/13,Lose,264,No Location Recorded,3:00 PM,13:47,"SUB IN by KARSNER,JOSH",19,9,,-10,1,,,11,6,0.727,0.667,,,10,4,0.4,0.25,33,2027
23,CENTREM,Rhodes Men's Basketball,76-74,76,74,"18-5, 12-3","16-9, 12-3",02/17/13,Lose,264,No Location Recorded,3:00 PM,13:47,"SUB OUT by SCINTA,BLAKE",19,9,,-10,1,,,11,6,0.727,0.667,,,10,4,0.4,0.25,33,2027
23,CENTREM,Rhodes Men's Basketball,76-74,76,74,"18-5, 12-3","16-9, 12-3",02/17/13,Lose,264,No Location Recorded,3:00 PM,13:47,"SUB OUT by WESLEY,TYLER",19,9,,-10,1,,,11,6,0.727,0.667,,,10,4,0.4,0.25,33,2027
23,CENTREM,Rhodes Men's Basketball,76-74,76,74,"18-5, 12-3","16-9, 12-3",02/17/13,Lose,264,No Location Recorded,3:00 PM,13:47,,19,9,"SUB IN by SLEDGE,TATE",-10,1,,,11,6,0.727,0.667,,,10,4,0.4,0.25,33,2027
23,CENTREM,Rhodes Men's Basketball,76-74,76,74,"18-5, 12-3","16-9, 12-3",02/17/13,Lose,264,No Location Recorded,3:00 PM,13:47,,19,9,"SUB IN by HOECK,RYAN VAN",-10,1,,,11,6,0.727,0.667,,,10,4,0.4,0.25,33,2027
23,CENTREM,Rhodes Men's Basketball,76-74,76,74,"18-5, 12-3","16-9, 12-3",02/17/13,Lose,264,No Location Recorded,3:00 PM,13:47,,19,9,"SUB OUT by HARTWELL,THEO",-10,1,,,11,6,0.727,0.667,,,10,4,0.4,0.25,33,2027
23,CENTREM,Rhodes Men's Basketball,76-74,76,74,"18-5, 12-3","16-9, 12-3",02/17/13,Lose,264,No Location Recorded,3:00 PM,13:47,,19,9,"SUB OUT by LIVSEY,GEOFF",-10,1,,,11,6,0.727,0.667,,,10,4,0.4,0.25,33,2027
23,CENTREM,Rhodes Men's Basketball,76-74,76,74,"18-5, 12-3","16-9, 12-3",02/17/13,Lose,264,No Location Recorded,3:00 PM,13:26,"MISS 3PTR by KARSNER,JOSH",19,9,,-10,1,3ptr,miss,12,7,0.667,0.571,,,10,4,0.4,0.25,33,2006
23,CENTREM,Rhodes Men's Basketball,76-74,76,74,"18-5, 12-3","16-9, 12-3",02/17/13,Lose,264,No Location Recorded,3:00 PM,13:26,,19,9,"REBOUND DEF by SLEDGE,TATE",-10,1,,,12,7,0.667,0.571,,,10,4,0.4,0.25,33,2006
23,CENTREM,Rhodes Men's Basketball,76-74,76,74,"18-5, 12-3","16-9, 12-3",02/17/13,Lose,264,No Location Recorded,3:00 PM,13:09,,19,9,"MISS 3PTR by GALOW,ANDREW",-10,1,,,12,7,0.667,0.571,3ptr,miss,11,5,0.364,0.2,33,1989
23,CENTREM,Rhodes Men's Basketball,76-74,76,74,"18-5, 12-3","16-9, 12-3",02/17/13,Lose,264,No Location Recorded,3:00 PM,13:09,"REBOUND DEF by TAYLOR,CHRIS",19,9,,-10,1,,,12,7,0.667,0.571,,,11,5,0.364,0.2,33,1989
23,CENTREM,Rhodes Men's Basketball,76-74,76,74,"18-5, 12-3","16-9, 12-3",02/17/13,Lose,264,No Location Recorded,3:00 PM,13:00,,19,9,"FOUL  by MILLER,DREW",-10,1,,,12,7,0.667,0.571,foul,,11,5,0.364,0.2,33,1980
23,CENTREM,Rhodes Men's Basketball,76-74,76,74,"18-5, 12-3","16-9, 12-3",02/17/13,Lose,264,No Location Recorded,3:00 PM,13:00,"MISS FT by WHITESIDE,DONOVAN",19,9,,-10,1,ft,miss,13,7,0.615,0.571,,,11,5,0.364,0.2,33,1980
23,CENTREM,Rhodes Men's Basketball,76-74,76,74,"18-5, 12-3","16-9, 12-3",02/17/13,Lose,264,No Location Recorded,3:00 PM,13:00,REBOUND DEADB by TEAM,19,9,,-10,1,,,13,7,0.615,0.571,,,11,5,0.364,0.2,33,1980
23,CENTREM,Rhodes Men's Basketball,76-74,76,74,"18-5, 12-3","16-9, 12-3",02/17/13,Lose,264,No Location Recorded,3:00 PM,13:00,"GOOD FT by WHITESIDE,DONOVAN",20,9,,-11,1,ft,good,14,7,0.643,0.571,,,11,5,0.364,0.2,33,1980
23,CENTREM,Rhodes Men's Basketball,76-74,76,74,"18-5, 12-3","16-9, 12-3",02/17/13,Lose,264,No Location Recorded,3:00 PM,13:00,"SUB IN by GRIGGS,MATT",20,9,,-11,1,,,14,7,0.643,0.571,,,11,5,0.364,0.2,33,1980
23,CENTREM,Rhodes Men's Basketball,76-74,76,74,"18-5, 12-3","16-9, 12-3",02/17/13,Lose,264,No Location Recorded,3:00 PM,13:00,"SUB IN by LOPEZ,COLLIN",20,9,,-11,1,,,14,7,0.643,0.571,,,11,5,0.364,0.2,33,1980
23,CENTREM,Rhodes Men's Basketball,76-74,76,74,"18-5, 12-3","16-9, 12-3",02/17/13,Lose,264,No Location Recorded,3:00 PM,13:00,"SUB OUT by ELLIS,BRYON",20,9,,-11,1,,,14,7,0.643,0.571,,,11,5,0.364,0.2,33,1980
23,CENTREM,Rhodes Men's Basketball,76-74,76,74,"18-5, 12-3","16-9, 12-3",02/17/13,Lose,264,No Location Recorded,3:00 PM,13:00,"SUB OUT by TAYLOR,CHRIS",20,9,,-11,1,,,14,7,0.643,0.571,,,11,5,0.364,0.2,33,1980
23,CENTREM,Rhodes Men's Basketball,76-74,76,74,"18-5, 12-3","16-9, 12-3",02/17/13,Lose,264,No Location Recorded,3:00 PM,12:47,,20,9,"MISS JUMPER by HOECK,RYAN VAN",-11,1,,,14,7,0.643,0.571,jumper,miss,12,5,0.333,0.2,32,1967
23,CENTREM,Rhodes Men's Basketball,76-74,76,74,"18-5, 12-3","16-9, 12-3",02/17/13,Lose,264,No Location Recorded,3:00 PM,12:47,"REBOUND DEF by WHITESIDE,DONOVAN",20,9,,-11,1,,,14,7,0.643,0.571,,,12,5,0.333,0.2,32,1967
23,CENTREM,Rhodes Men's Basketball,76-74,76,74,"18-5, 12-3","16-9, 12-3",02/17/13,Lose,264,No Location Recorded,3:00 PM,12:35,"TURNOVER  by WHITESIDE,DONOVAN",20,9,,-11,1,,,14,7,0.643,0.571,,,12,5,0.333,0.2,32,1955
23,CENTREM,Rhodes Men's Basketball,76-74,76,74,"18-5, 12-3","16-9, 12-3",02/17/13,Lose,264,No Location Recorded,3:00 PM,12:33,,20,9,"STEAL  by GALOW,ANDREW",-11,1,,,14,7,0.643,0.571,,,12,5,0.333,0.2,32,1953
23,CENTREM,Rhodes Men's Basketball,76-74,76,74,"18-5, 12-3","16-9, 12-3",02/17/13,Lose,264,No Location Recorded,3:00 PM,12:30,"GOOD 3PTR by KARSNER,JOSH",23,9,,-14,1,3ptr,good,15,8,0.667,0.625,,,12,5,0.333,0.2,32,1950
23,CENTREM,Rhodes Men's Basketball,76-74,76,74,"18-5, 12-3","16-9, 12-3",02/17/13,Lose,264,No Location Recorded,3:00 PM,12:30,,23,9,"MISS FT by GALOW,ANDREW",-14,1,,,15,8,0.667,0.625,ft,miss,13,5,0.308,0.2,32,1950
23,CENTREM,Rhodes Men's Basketball,76-74,76,74,"18-5, 12-3","16-9, 12-3",02/17/13,Lose,264,No Location Recorded,3:00 PM,12:30,"ASSIST  by LOPEZ,COLLIN",23,9,,-14,1,,,15,8,0.667,0.625,,,13,5,0.308,0.2,32,1950
23,CENTREM,Rhodes Men's Basketball,76-74,76,74,"18-5, 12-3","16-9, 12-3",02/17/13,Lose,264,No Location Recorded,3:00 PM,12:30,"FOUL  by LOPEZ,COLLIN",23,9,,-14,1,foul,,15,8,0.667,0.625,,,13,5,0.308,0.2,32,1950
23,CENTREM,Rhodes Men's Basketball,76-74,76,74,"18-5, 12-3","16-9, 12-3",02/17/13,Lose,264,No Location Recorded,3:00 PM,12:30,,23,9,REBOUND DEADB by TEAM,-14,1,,,15,8,0.667,0.625,,,13,5,0.308,0.2,32,1950
23,CENTREM,Rhodes Men's Basketball,76-74,76,74,"18-5, 12-3","16-9, 12-3",02/17/13,Lose,264,No Location Recorded,3:00 PM,12:30,,23,9,"MISS FT by GALOW,ANDREW",-14,1,,,15,8,0.667,0.625,ft,miss,14,5,0.286,0.2,32,1950
23,CENTREM,Rhodes Men's Basketball,76-74,76,74,"18-5, 12-3","16-9, 12-3",02/17/13,Lose,264,No Location Recorded,3:00 PM,12:30,"REBOUND DEF by KARSNER,JOSH",23,9,,-14,1,,,15,8,0.667,0.625,,,14,5,0.286,0.2,32,1950
23,CENTREM,Rhodes Men's Basketball,76-74,76,74,"18-5, 12-3","16-9, 12-3",02/17/13,Lose,264,No Location Recorded,3:00 PM,12:28,,23,9,"MISS FT by GALOW,ANDREW",-14,1,,,15,8,0.667,0.625,ft,miss,15,5,0.267,0.2,32,1948
23,CENTREM,Rhodes Men's Basketball,76-74,76,74,"18-5, 12-3","16-9, 12-3",02/17/13,Lose,264,No Location Recorded,3:00 PM,12:28,,23,9,REBOUND DEADB by TEAM,-14,1,,,15,8,0.667,0.625,,,15,5,0.267,0.2,32,1948
23,CENTREM,Rhodes Men's Basketball,76-74,76,74,"18-5, 12-3","16-9, 12-3",02/17/13,Lose,264,No Location Recorded,3:00 PM,11:55,,23,9,"MISS 3PTR by COLLINS,LUKE",-14,1,,,15,8,0.667,0.625,3ptr,miss,16,6,0.25,0.167,31,1915
23,CENTREM,Rhodes Men's Basketball,76-74,76,74,"18-5, 12-3","16-9, 12-3",02/17/13,Lose,264,No Location Recorded,3:00 PM,11:55,,23,9,REBOUND DEADB by TEAM,-14,1,,,15,8,0.667,0.625,,,16,6,0.25,0.167,31,1915
23,CENTREM,Rhodes Men's Basketball,76-74,76,74,"18-5, 12-3","16-9, 12-3",02/17/13,Lose,264,No Location Recorded,3:00 PM,11:48,"FOUL  by KARSNER,JOSH",23,9,,-14,1,foul,,15,8,0.667,0.625,,,16,6,0.25,0.167,31,1908
23,CENTREM,Rhodes Men's Basketball,76-74,76,74,"18-5, 12-3","16-9, 12-3",02/17/13,Lose,264,No Location Recorded,3:00 PM,11:48,"SUB IN by ELLIS,BRYON",23,9,,-14,1,,,15,8,0.667,0.625,,,16,6,0.25,0.167,31,1908
23,CENTREM,Rhodes Men's Basketball,76-74,76,74,"18-5, 12-3","16-9, 12-3",02/17/13,Lose,264,No Location Recorded,3:00 PM,11:48,"SUB OUT by WHITESIDE,DONOVAN",23,9,,-14,1,,,15,8,0.667,0.625,,,16,6,0.25,0.167,31,1908
23,CENTREM,Rhodes Men's Basketball,76-74,76,74,"18-5, 12-3","16-9, 12-3",02/17/13,Lose,264,No Location Recorded,3:00 PM,11:48,,23,9,"SUB IN by COLLINS,LUKE",-14,1,,,15,8,0.667,0.625,,,16,6,0.25,0.167,31,1908
23,CENTREM,Rhodes Men's Basketball,76-74,76,74,"18-5, 12-3","16-9, 12-3",02/17/13,Lose,264,No Location Recorded,3:00 PM,11:48,,23,9,"SUB IN by GALLAGHER,MICHAEL",-14,1,,,15,8,0.667,0.625,,,16,6,0.25,0.167,31,1908
23,CENTREM,Rhodes Men's Basketball,76-74,76,74,"18-5, 12-3","16-9, 12-3",02/17/13,Lose,264,No Location Recorded,3:00 PM,11:48,,23,9,"SUB OUT by MILLER,DREW",-14,1,,,15,8,0.667,0.625,,,16,6,0.25,0.167,31,1908
23,CENTREM,Rhodes Men's Basketball,76-74,76,74,"18-5, 12-3","16-9, 12-3",02/17/13,Lose,264,No Location Recorded,3:00 PM,11:48,,23,9,"SUB OUT by MCGRAIL,PATRICK",-14,1,,,15,8,0.667,0.625,,,16,6,0.25,0.167,31,1908
23,CENTREM,Rhodes Men's Basketball,76-74,76,74,"18-5, 12-3","16-9, 12-3",02/17/13,Lose,264,No Location Recorded,3:00 PM,11:32,,23,9,"MISS 3PTR by GALOW,ANDREW",-14,1,,,15,8,0.667,0.625,3ptr,miss,17,7,0.235,0.143,31,1892
23,CENTREM,Rhodes Men's Basketball,76-74,76,74,"18-5, 12-3","16-9, 12-3",02/17/13,Lose,264,No Location Recorded,3:00 PM,11:32,REBOUND DEADB by TEAM,23,9,,-14,1,,,15,8,0.667,0.625,,,17,7,0.235,0.143,31,1892
23,CENTREM,Rhodes Men's Basketball,76-74,76,74,"18-5, 12-3","16-9, 12-3",02/17/13,Lose,264,No Location Recorded,3:00 PM,11:31,,23,9,"FOUL  by HOECK,RYAN VAN",-14,1,,,15,8,0.667,0.625,foul,,17,7,0.235,0.143,31,1891
23,CENTREM,Rhodes Men's Basketball,76-74,76,74,"18-5, 12-3","16-9, 12-3",02/17/13,Lose,264,No Location Recorded,3:00 PM,11:20,"MISS 3PTR by KARSNER,JOSH",23,9,,-14,1,3ptr,miss,16,9,0.625,0.556,,,17,7,0.235,0.143,31,1880
23,CENTREM,Rhodes Men's Basketball,76-74,76,74,"18-5, 12-3","16-9, 12-3",02/17/13,Lose,264,No Location Recorded,3:00 PM,11:20,"REBOUND OFF by HERTZEL,HOLDEN",23,9,,-14,1,,,16,9,0.625,0.556,,,17,7,0.235,0.143,31,1880
23,CENTREM,Rhodes Men's Basketball,76-74,76,74,"18-5, 12-3","16-9, 12-3",02/17/13,Lose,264,No Location Recorded,3:00 PM,11:16,"GOOD LAYUP by HERTZEL,HOLDEN(in the paint)",25,9,,-16,1,layup,good,17,9,0.647,0.556,,,17,7,0.235,0.143,31,1876
23,CENTREM,Rhodes Men's Basketball,76-74,76,74,"18-5, 12-3","16-9, 12-3",02/17/13,Lose,264,No Location Recorded,3:00 PM,11:05,,25,9,"MISS LAYUP by HOECK,RYAN VAN",-16,1,,,17,9,0.647,0.556,layup,miss,18,7,0.222,0.143,31,1865
23,CENTREM,Rhodes Men's Basketball,76-74,76,74,"18-5, 12-3","16-9, 12-3",02/17/13,Lose,264,No Location Recorded,3:00 PM,11:05,,25,9,"REBOUND OFF by GALLAGHER,MICHAEL",-16,1,,,17,9,0.647,0.556,,,18,7,0.222,0.143,31,1865
23,CENTREM,Rhodes Men's Basketball,76-74,76,74,"18-5, 12-3","16-9, 12-3",02/17/13,Lose,264,No Location Recorded,3:00 PM,10:47,,25,9,"MISS JUMPER by HOECK,RYAN VAN",-16,1,,,17,9,0.647,0.556,jumper,miss,19,7,0.211,0.143,30,1847
23,CENTREM,Rhodes Men's Basketball,76-74,76,74,"18-5, 12-3","16-9, 12-3",02/17/13,Lose,264,No Location Recorded,3:00 PM,10:47,"REBOUND DEF by LOPEZ,COLLIN",25,9,,-16,1,,,17,9,0.647,0.556,,,19,7,0.211,0.143,30,1847
23,CENTREM,Rhodes Men's Basketball,76-74,76,74,"18-5, 12-3","16-9, 12-3",02/17/13,Lose,264,No Location Recorded,3:00 PM,10:31,"SUB OUT by ELLIS,BRYON",25,9,,-16,1,,,17,9,0.647,0.556,,,19,7,0.211,0.143,30,1831
23,CENTREM,Rhodes Men's Basketball,76-74,76,74,"18-5, 12-3","16-9, 12-3",02/17/13,Lose,264,No Location Recorded,3:00 PM,10:31,"SUB OUT by GRIGGS,MATT",25,9,,-16,1,,,17,9,0.647,0.556,,,19,7,0.211,0.143,30,1831
23,CENTREM,Rhodes Men's Basketball,76-74,76,74,"18-5, 12-3","16-9, 12-3",02/17/13,Lose,264,No Location Recorded,3:00 PM,10:31,"SUB OUT by LOPEZ,COLLIN",25,9,,-16,1,,,17,9,0.647,0.556,,,19,7,0.211,0.143,30,1831
23,CENTREM,Rhodes Men's Basketball,76-74,76,74,"18-5, 12-3","16-9, 12-3",02/17/13,Lose,264,No Location Recorded,3:00 PM,10:31,"SUB OUT by HERTZEL,HOLDEN",25,9,,-16,1,,,17,9,0.647,0.556,,,19,7,0.211,0.143,30,1831
23,CENTREM,Rhodes Men's Basketball,76-74,76,74,"18-5, 12-3","16-9, 12-3",02/17/13,Lose,264,No Location Recorded,3:00 PM,10:31,"SUB OUT by KARSNER,JOSH",25,9,,-16,1,,,17,9,0.647,0.556,,,19,7,0.211,0.143,30,1831
23,CENTREM,Rhodes Men's Basketball,76-74,76,74,"18-5, 12-3","16-9, 12-3",02/17/13,Lose,264,No Location Recorded,3:00 PM,10:28,,25,9,TIMEOUT TEAM by TEAM,-16,1,,,17,9,0.647,0.556,,,19,7,0.211,0.143,30,1828
23,CENTREM,Rhodes Men's Basketball,76-74,76,74,"18-5, 12-3","16-9, 12-3",02/17/13,Lose,264,No Location Recorded,3:00 PM,10:28,"SUB IN by LOPEZ,COLLIN",25,9,,-16,1,,,17,9,0.647,0.556,,,19,7,0.211,0.143,30,1828
23,CENTREM,Rhodes Men's Basketball,76-74,76,74,"18-5, 12-3","16-9, 12-3",02/17/13,Lose,264,No Location Recorded,3:00 PM,10:28,"SUB IN by WESLEY,TYLER",25,9,,-16,1,,,17,9,0.647,0.556,,,19,7,0.211,0.143,30,1828
23,CENTREM,Rhodes Men's Basketball,76-74,76,74,"18-5, 12-3","16-9, 12-3",02/17/13,Lose,264,No Location Recorded,3:00 PM,10:28,"SUB IN by ELLIS,BRYON",25,9,,-16,1,,,17,9,0.647,0.556,,,19,7,0.211,0.143,30,1828
23,CENTREM,Rhodes Men's Basketball,76-74,76,74,"18-5, 12-3","16-9, 12-3",02/17/13,Lose,264,No Location Recorded,3:00 PM,10:28,"SUB IN by SCINTA,BLAKE",25,9,,-16,1,,,17,9,0.647,0.556,,,19,7,0.211,0.143,30,1828
23,CENTREM,Rhodes Men's Basketball,76-74,76,74,"18-5, 12-3","16-9, 12-3",02/17/13,Lose,264,No Location Recorded,3:00 PM,10:28,"SUB IN by GRIGGS,MATT",25,9,,-16,1,,,17,9,0.647,0.556,,,19,7,0.211,0.143,30,1828
23,CENTREM,Rhodes Men's Basketball,76-74,76,74,"18-5, 12-3","16-9, 12-3",02/17/13,Lose,264,No Location Recorded,3:00 PM,10:28,,25,9,"SUB IN by HARTWELL,THEO",-16,1,,,17,9,0.647,0.556,,,19,7,0.211,0.143,30,1828
23,CENTREM,Rhodes Men's Basketball,76-74,76,74,"18-5, 12-3","16-9, 12-3",02/17/13,Lose,264,No Location Recorded,3:00 PM,10:28,,25,9,"SUB OUT by SLEDGE,TATE",-16,1,,,17,9,0.647,0.556,,,19,7,0.211,0.143,30,1828
23,CENTREM,Rhodes Men's Basketball,76-74,76,74,"18-5, 12-3","16-9, 12-3",02/17/13,Lose,264,No Location Recorded,3:00 PM,10:11,"MISS LAYUP by WRIGHT,SPENCER",25,9,,-16,1,layup,miss,18,9,0.611,0.556,,,19,7,0.211,0.143,30,1811
23,CENTREM,Rhodes Men's Basketball,76-74,76,74,"18-5, 12-3","16-9, 12-3",02/17/13,Lose,264,No Location Recorded,3:00 PM,10:11,"REBOUND OFF by LOPEZ,COLLIN",25,9,,-16,1,,,18,9,0.611,0.556,,,19,7,0.211,0.143,30,1811
23,CENTREM,Rhodes Men's Basketball,76-74,76,74,"18-5, 12-3","16-9, 12-3",02/17/13,Lose,264,No Location Recorded,3:00 PM,09:36,"MISS LAYUP by LOPEZ,COLLIN",25,9,,-16,1,layup,miss,19,9,0.579,0.556,,,19,7,0.211,0.143,29,1776
23,CENTREM,Rhodes Men's Basketball,76-74,76,74,"18-5, 12-3","16-9, 12-3",02/17/13,Lose,264,No Location Recorded,3:00 PM,09:36,,25,9,"BLOCK  by HOECK,RYAN VAN",-16,1,,,19,9,0.579,0.556,,,19,7,0.211,0.143,29,1776
23,CENTREM,Rhodes Men's Basketball,76-74,76,74,"18-5, 12-3","16-9, 12-3",02/17/13,Lose,264,No Location Recorded,3:00 PM,09:36,,25,9,"REBOUND DEF by HOECK,RYAN VAN",-16,1,,,19,9,0.579,0.556,,,19,7,0.211,0.143,29,1776
23,CENTREM,Rhodes Men's Basketball,76-74,76,74,"18-5, 12-3","16-9, 12-3",02/17/13,Lose,264,No Location Recorded,3:00 PM,09:24,,25,11,"GOOD LAYUP by HARTWELL,THEO(in the paint)",-14,1,,,19,9,0.579,0.556,layup,good,20,7,0.25,0.143,29,1764
23,CENTREM,Rhodes Men's Basketball,76-74,76,74,"18-5, 12-3","16-9, 12-3",02/17/13,Lose,264,No Location Recorded,3:00 PM,09:24,,25,11,"ASSIST  by HOECK,RYAN VAN",-14,1,,,19,9,0.579,0.556,,,20,7,0.25,0.143,29,1764
23,CENTREM,Rhodes Men's Basketball,76-74,76,74,"18-5, 12-3","16-9, 12-3",02/17/13,Lose,264,No Location Recorded,3:00 PM,08:57,"GOOD 3PTR by LOPEZ,COLLIN",28,11,,-17,1,3ptr,good,20,10,0.6,0.6,,,20,7,0.25,0.143,28,1737
23,CENTREM,Rhodes Men's Basketball,76-74,76,74,"18-5, 12-3","16-9, 12-3",02/17/13,Lose,264,No Location Recorded,3:00 PM,08:57,"ASSIST  by SCINTA,BLAKE",28,11,,-17,1,,,20,10,0.6,0.6,,,20,7,0.25,0.143,28,1737
23,CENTREM,Rhodes Men's Basketball,76-74,76,74,"18-5, 12-3","16-9, 12-3",02/17/13,Lose,264,No Location Recorded,3:00 PM,08:38,,28,11,"MISS LAYUP by HARTWELL,THEO",-17,1,,,20,10,0.6,0.6,layup,miss,21,7,0.238,0.143,28,1718
23,CENTREM,Rhodes Men's Basketball,76-74,76,74,"18-5, 12-3","16-9, 12-3",02/17/13,Lose,264,No Location Recorded,3:00 PM,08:38,"REBOUND DEF by WESLEY,TYLER",28,11,,-17,1,,,20,10,0.6,0.6,,,21,7,0.238,0.143,28,1718
23,CENTREM,Rhodes Men's Basketball,76-74,76,74,"18-5, 12-3","16-9, 12-3",02/17/13,Lose,264,No Location Recorded,3:00 PM,08:24,"GOOD 3PTR by SCINTA,BLAKE",31,11,,-20,1,3ptr,good,21,11,0.619,0.636,,,21,7,0.238,0.143,28,1704
23,CENTREM,Rhodes Men's Basketball,76-74,76,74,"18-5, 12-3","16-9, 12-3",02/17/13,Lose,264,No Location Recorded,3:00 PM,08:24,"ASSIST  by ELLIS,BRYON",31,11,,-20,1,,,21,11,0.619,0.636,,,21,7,0.238,0.143,28,1704
23,CENTREM,Rhodes Men's Basketball,76-74,76,74,"18-5, 12-3","16-9, 12-3",02/17/13,Lose,264,No Location Recorded,3:00 PM,08:05,,31,11,"MISS 3PTR by GALLAGHER,MICHAEL",-20,1,,,21,11,0.619,0.636,3ptr,miss,22,8,0.227,0.125,28,1685
23,CENTREM,Rhodes Men's Basketball,76-74,76,74,"18-5, 12-3","16-9, 12-3",02/17/13,Lose,264,No Location Recorded,3:00 PM,08:05,"REBOUND DEF by LOPEZ,COLLIN",31,11,,-20,1,,,21,11,0.619,0.636,,,22,8,0.227,0.125,28,1685
23,CENTREM,Rhodes Men's Basketball,76-74,76,74,"18-5, 12-3","16-9, 12-3",02/17/13,Lose,264,No Location Recorded,3:00 PM,07:54,"MISS 3PTR by SCINTA,BLAKE",31,11,,-20,1,3ptr,miss,22,12,0.591,0.583,,,22,8,0.227,0.125,27,1674
23,CENTREM,Rhodes Men's Basketball,76-74,76,74,"18-5, 12-3","16-9, 12-3",02/17/13,Lose,264,No Location Recorded,3:00 PM,07:54,,31,11,"REBOUND DEF by GALOW,ANDREW",-20,1,,,22,12,0.591,0.583,,,22,8,0.227,0.125,27,1674
23,CENTREM,Rhodes Men's Basketball,76-74,76,74,"18-5, 12-3","16-9, 12-3",02/17/13,Lose,264,No Location Recorded,3:00 PM,07:41,,31,11,"TURNOVER  by HARTWELL,THEO",-20,1,,,22,12,0.591,0.583,,,22,8,0.227,0.125,27,1661
23,CENTREM,Rhodes Men's Basketball,76-74,76,74,"18-5, 12-3","16-9, 12-3",02/17/13,Lose,264,No Location Recorded,3:00 PM,07:40,"STEAL  by WESLEY,TYLER",31,11,,-20,1,,,22,12,0.591,0.583,,,22,8,0.227,0.125,27,1660
23,CENTREM,Rhodes Men's Basketball,76-74,76,74,"18-5, 12-3","16-9, 12-3",02/17/13,Lose,264,No Location Recorded,3:00 PM,07:13,"MISS 3PTR by LOPEZ,COLLIN",31,11,,-20,1,3ptr,miss,23,13,0.565,0.538,,,22,8,0.227,0.125,27,1633
23,CENTREM,Rhodes Men's Basketball,76-74,76,74,"18-5, 12-3","16-9, 12-3",02/17/13,Lose,264,No Location Recorded,3:00 PM,07:13,,31,11,"REBOUND DEF by HARTWELL,THEO",-20,1,,,23,13,0.565,0.538,,,22,8,0.227,0.125,27,1633
23,CENTREM,Rhodes Men's Basketball,76-74,76,74,"18-5, 12-3","16-9, 12-3",02/17/13,Lose,264,No Location Recorded,3:00 PM,06:55,,31,11,"MISS JUMPER by HOECK,RYAN VAN",-20,1,,,23,13,0.565,0.538,jumper,miss,23,8,0.217,0.125,26,1615
23,CENTREM,Rhodes Men's Basketball,76-74,76,74,"18-5, 12-3","16-9, 12-3",02/17/13,Lose,264,No Location Recorded,3:00 PM,06:55,"REBOUND DEF by SCINTA,BLAKE",31,11,,-20,1,,,23,13,0.565,0.538,,,23,8,0.217,0.125,26,1615
23,CENTREM,Rhodes Men's Basketball,76-74,76,74,"18-5, 12-3","16-9, 12-3",02/17/13,Lose,264,No Location Recorded,3:00 PM,06:41,"TURNOVER  by SCINTA,BLAKE",31,11,,-20,1,,,23,13,0.565,0.538,,,23,8,0.217,0.125,26,1601
23,CENTREM,Rhodes Men's Basketball,76-74,76,74,"18-5, 12-3","16-9, 12-3",02/17/13,Lose,264,No Location Recorded,3:00 PM,06:40,,31,11,"STEAL  by GALOW,ANDREW",-20,1,,,23,13,0.565,0.538,,,23,8,0.217,0.125,26,1600
23,CENTREM,Rhodes Men's Basketball,76-74,76,74,"18-5, 12-3","16-9, 12-3",02/17/13,Lose,264,No Location Recorded,3:00 PM,06:38,"FOUL  by ELLIS,BRYON",31,11,,-20,1,foul,,23,13,0.565,0.538,,,23,8,0.217,0.125,26,1598
23,CENTREM,Rhodes Men's Basketball,76-74,76,74,"18-5, 12-3","16-9, 12-3",02/17/13,Lose,264,No Location Recorded,3:00 PM,06:38,,31,12,"GOOD FT by GALOW,ANDREW",-19,1,,,23,13,0.565,0.538,ft,good,24,8,0.25,0.125,26,1598
23,CENTREM,Rhodes Men's Basketball,76-74,76,74,"18-5, 12-3","16-9, 12-3",02/17/13,Lose,264,No Location Recorded,3:00 PM,06:38,,31,12,"MISS FT by GALOW,ANDREW",-19,1,,,23,13,0.565,0.538,ft,miss,25,8,0.24,0.125,26,1598
23,CENTREM,Rhodes Men's Basketball,76-74,76,74,"18-5, 12-3","16-9, 12-3",02/17/13,Lose,264,No Location Recorded,3:00 PM,06:38,"REBOUND DEF by ELLIS,BRYON",31,12,,-19,1,,,23,13,0.565,0.538,,,25,8,0.24,0.125,26,1598
23,CENTREM,Rhodes Men's Basketball,76-74,76,74,"18-5, 12-3","16-9, 12-3",02/17/13,Lose,264,No Location Recorded,3:00 PM,06:38,"SUB IN by TAYLOR,CHRIS",31,12,,-19,1,,,23,13,0.565,0.538,,,25,8,0.24,0.125,26,1598
23,CENTREM,Rhodes Men's Basketball,76-74,76,74,"18-5, 12-3","16-9, 12-3",02/17/13,Lose,264,No Location Recorded,3:00 PM,06:38,"SUB IN by WHITESIDE,DONOVAN",31,12,,-19,1,,,23,13,0.565,0.538,,,25,8,0.24,0.125,26,1598
23,CENTREM,Rhodes Men's Basketball,76-74,76,74,"18-5, 12-3","16-9, 12-3",02/17/13,Lose,264,No Location Recorded,3:00 PM,06:38,"SUB IN by KARSNER,JOSH",31,12,,-19,1,,,23,13,0.565,0.538,,,25,8,0.24,0.125,26,1598
23,CENTREM,Rhodes Men's Basketball,76-74,76,74,"18-5, 12-3","16-9, 12-3",02/17/13,Lose,264,No Location Recorded,3:00 PM,06:38,"SUB OUT by LOPEZ,COLLIN",31,12,,-19,1,,,23,13,0.565,0.538,,,25,8,0.24,0.125,26,1598
23,CENTREM,Rhodes Men's Basketball,76-74,76,74,"18-5, 12-3","16-9, 12-3",02/17/13,Lose,264,No Location Recorded,3:00 PM,06:38,"SUB OUT by SCINTA,BLAKE",31,12,,-19,1,,,23,13,0.565,0.538,,,25,8,0.24,0.125,26,1598
23,CENTREM,Rhodes Men's Basketball,76-74,76,74,"18-5, 12-3","16-9, 12-3",02/17/13,Lose,264,No Location Recorded,3:00 PM,06:38,"SUB OUT by GRIGGS,MATT",31,12,,-19,1,,,23,13,0.565,0.538,,,25,8,0.24,0.125,26,1598
23,CENTREM,Rhodes Men's Basketball,76-74,76,74,"18-5, 12-3","16-9, 12-3",02/17/13,Lose,264,No Location Recorded,3:00 PM,06:38,,31,12,"SUB IN by LIVSEY,GEOFF",-19,1,,,23,13,0.565,0.538,,,25,8,0.24,0.125,26,1598
23,CENTREM,Rhodes Men's Basketball,76-74,76,74,"18-5, 12-3","16-9, 12-3",02/17/13,Lose,264,No Location Recorded,3:00 PM,06:38,,31,12,"SUB IN by MCGRAIL,PATRICK",-19,1,,,23,13,0.565,0.538,,,25,8,0.24,0.125,26,1598
23,CENTREM,Rhodes Men's Basketball,76-74,76,74,"18-5, 12-3","16-9, 12-3",02/17/13,Lose,264,No Location Recorded,3:00 PM,06:38,,31,12,"SUB OUT by COLLINS,LUKE",-19,1,,,23,13,0.565,0.538,,,25,8,0.24,0.125,26,1598
23,CENTREM,Rhodes Men's Basketball,76-74,76,74,"18-5, 12-3","16-9, 12-3",02/17/13,Lose,264,No Location Recorded,3:00 PM,06:38,,31,12,"SUB OUT by HOECK,RYAN VAN",-19,1,,,23,13,0.565,0.538,,,25,8,0.24,0.125,26,1598
23,CENTREM,Rhodes Men's Basketball,76-74,76,74,"18-5, 12-3","16-9, 12-3",02/17/13,Lose,264,No Location Recorded,3:00 PM,06:16,,31,12,"SUB IN by MILLER,DREW",-19,1,,,23,13,0.565,0.538,,,25,8,0.24,0.125,26,1576
23,CENTREM,Rhodes Men's Basketball,76-74,76,74,"18-5, 12-3","16-9, 12-3",02/17/13,Lose,264,No Location Recorded,3:00 PM,06:16,,31,12,"SUB OUT by GALOW,ANDREW",-19,1,,,23,13,0.565,0.538,,,25,8,0.24,0.125,26,1576
23,CENTREM,Rhodes Men's Basketball,76-74,76,74,"18-5, 12-3","16-9, 12-3",02/17/13,Lose,264,No Location Recorded,3:00 PM,06:09,"MISS 3PTR by ELLIS,BRYON",31,12,,-19,1,3ptr,miss,24,14,0.542,0.5,,,25,8,0.24,0.125,26,1569
23,CENTREM,Rhodes Men's Basketball,76-74,76,74,"18-5, 12-3","16-9, 12-3",02/17/13,Lose,264,No Location Recorded,3:00 PM,06:09,,31,12,"REBOUND DEF by MILLER,DREW",-19,1,,,24,14,0.542,0.5,,,25,8,0.24,0.125,26,1569
23,CENTREM,Rhodes Men's Basketball,76-74,76,74,"18-5, 12-3","16-9, 12-3",02/17/13,Lose,264,No Location Recorded,3:00 PM,05:55,,31,14,"GOOD LAYUP by HARTWELL,THEO(in the paint)",-17,1,,,24,14,0.542,0.5,layup,good,26,8,0.269,0.125,25,1555
23,CENTREM,Rhodes Men's Basketball,76-74,76,74,"18-5, 12-3","16-9, 12-3",02/17/13,Lose,264,No Location Recorded,3:00 PM,05:40,"GOOD 3PTR by KARSNER,JOSH",34,14,,-20,1,3ptr,good,25,15,0.56,0.533,,,26,8,0.269,0.125,25,1540
23,CENTREM,Rhodes Men's Basketball,76-74,76,74,"18-5, 12-3","16-9, 12-3",02/17/13,Lose,264,No Location Recorded,3:00 PM,05:40,"ASSIST  by TAYLOR,CHRIS",34,14,,-20,1,,,25,15,0.56,0.533,,,26,8,0.269,0.125,25,1540
23,CENTREM,Rhodes Men's Basketball,76-74,76,74,"18-5, 12-3","16-9, 12-3",02/17/13,Lose,264,No Location Recorded,3:00 PM,05:24,,34,14,"MISS LAYUP by HARTWELL,THEO",-20,1,,,25,15,0.56,0.533,layup,miss,27,8,0.259,0.125,25,1524
23,CENTREM,Rhodes Men's Basketball,76-74,76,74,"18-5, 12-3","16-9, 12-3",02/17/13,Lose,264,No Location Recorded,3:00 PM,05:24,"BLOCK  by WESLEY,TYLER",34,14,,-20,1,,,25,15,0.56,0.533,,,27,8,0.259,0.125,25,1524
23,CENTREM,Rhodes Men's Basketball,76-74,76,74,"18-5, 12-3","16-9, 12-3",02/17/13,Lose,264,No Location Recorded,3:00 PM,05:24,"REBOUND DEF by WHITESIDE,DONOVAN",34,14,,-20,1,,,25,15,0.56,0.533,,,27,8,0.259,0.125,25,1524
23,CENTREM,Rhodes Men's Basketball,76-74,76,74,"18-5, 12-3","16-9, 12-3",02/17/13,Lose,264,No Location Recorded,3:00 PM,05:10,"MISS 3PTR by KARSNER,JOSH",34,14,,-20,1,3ptr,miss,26,16,0.538,0.5,,,27,8,0.259,0.125,25,1510
23,CENTREM,Rhodes Men's Basketball,76-74,76,74,"18-5, 12-3","16-9, 12-3",02/17/13,Lose,264,No Location Recorded,3:00 PM,05:10,"REBOUND OFF by KARSNER,JOSH",34,14,,-20,1,,,26,16,0.538,0.5,,,27,8,0.259,0.125,25,1510
23,CENTREM,Rhodes Men's Basketball,76-74,76,74,"18-5, 12-3","16-9, 12-3",02/17/13,Lose,264,No Location Recorded,3:00 PM,04:41,"MISS 3PTR by WHITESIDE,DONOVAN",34,14,,-20,1,3ptr,miss,27,17,0.519,0.471,,,27,8,0.259,0.125,24,1481
23,CENTREM,Rhodes Men's Basketball,76-74,76,74,"18-5, 12-3","16-9, 12-3",02/17/13,Lose,264,No Location Recorded,3:00 PM,04:41,,34,14,"REBOUND DEF by MILLER,DREW",-20,1,,,27,17,0.519,0.471,,,27,8,0.259,0.125,24,1481
23,CENTREM,Rhodes Men's Basketball,76-74,76,74,"18-5, 12-3","16-9, 12-3",02/17/13,Lose,264,No Location Recorded,3:00 PM,04:31,,34,14,TIMEOUT 30SEC by TEAM,-20,1,,,27,17,0.519,0.471,,,27,8,0.259,0.125,24,1471
23,CENTREM,Rhodes Men's Basketball,76-74,76,74,"18-5, 12-3","16-9, 12-3",02/17/13,Lose,264,No Location Recorded,3:00 PM,04:31,,34,14,"SUB IN by GALOW,ANDREW",-20,1,,,27,17,0.519,0.471,,,27,8,0.259,0.125,24,1471
23,CENTREM,Rhodes Men's Basketball,76-74,76,74,"18-5, 12-3","16-9, 12-3",02/17/13,Lose,264,No Location Recorded,3:00 PM,04:31,,34,14,"SUB OUT by GALLAGHER,MICHAEL",-20,1,,,27,17,0.519,0.471,,,27,8,0.259,0.125,24,1471
23,CENTREM,Rhodes Men's Basketball,76-74,76,74,"18-5, 12-3","16-9, 12-3",02/17/13,Lose,264,No Location Recorded,3:00 PM,04:28,"SUB IN by HERTZEL,HOLDEN",34,14,,-20,1,,,27,17,0.519,0.471,,,27,8,0.259,0.125,24,1468
23,CENTREM,Rhodes Men's Basketball,76-74,76,74,"18-5, 12-3","16-9, 12-3",02/17/13,Lose,264,No Location Recorded,3:00 PM,04:28,"SUB OUT by WESLEY,TYLER",34,14,,-20,1,,,27,17,0.519,0.471,,,27,8,0.259,0.125,24,1468
23,CENTREM,Rhodes Men's Basketball,76-74,76,74,"18-5, 12-3","16-9, 12-3",02/17/13,Lose,264,No Location Recorded,3:00 PM,04:27,,34,14,"MISS 3PTR by GALOW,ANDREW",-20,1,,,27,17,0.519,0.471,3ptr,miss,28,9,0.25,0.111,24,1467
23,CENTREM,Rhodes Men's Basketball,76-74,76,74,"18-5, 12-3","16-9, 12-3",02/17/13,Lose,264,No Location Recorded,3:00 PM,04:27,"REBOUND DEF by HERTZEL,HOLDEN",34,14,,-20,1,,,27,17,0.519,0.471,,,28,9,0.25,0.111,24,1467
23,CENTREM,Rhodes Men's Basketball,76-74,76,74,"18-5, 12-3","16-9, 12-3",02/17/13,Lose,264,No Location Recorded,3:00 PM,04:01,"TURNOVER  by TAYLOR,CHRIS",34,14,,-20,1,,,27,17,0.519,0.471,,,28,9,0.25,0.111,24,1441
23,CENTREM,Rhodes Men's Basketball,76-74,76,74,"18-5, 12-3","16-9, 12-3",02/17/13,Lose,264,No Location Recorded,3:00 PM,04:00,,34,14,"STEAL  by MILLER,DREW",-20,1,,,27,17,0.519,0.471,,,28,9,0.25,0.111,24,1440
23,CENTREM,Rhodes Men's Basketball,76-74,76,74,"18-5, 12-3","16-9, 12-3",02/17/13,Lose,264,No Location Recorded,3:00 PM,03:56,,34,14,"TURNOVER  by MILLER,DREW",-20,1,,,27,17,0.519,0.471,,,28,9,0.25,0.111,23,1436
23,CENTREM,Rhodes Men's Basketball,76-74,76,74,"18-5, 12-3","16-9, 12-3",02/17/13,Lose,264,No Location Recorded,3:00 PM,03:55,"STEAL  by WHITESIDE,DONOVAN",34,14,,-20,1,,,27,17,0.519,0.471,,,28,9,0.25,0.111,23,1435
23,CENTREM,Rhodes Men's Basketball,76-74,76,74,"18-5, 12-3","16-9, 12-3",02/17/13,Lose,264,No Location Recorded,3:00 PM,03:53,,34,14,"FOUL  by LIVSEY,GEOFF",-20,1,,,27,17,0.519,0.471,foul,,28,9,0.25,0.111,23,1433
23,CENTREM,Rhodes Men's Basketball,76-74,76,74,"18-5, 12-3","16-9, 12-3",02/17/13,Lose,264,No Location Recorded,3:00 PM,03:40,"GOOD 3PTR by KARSNER,JOSH",37,14,,-23,1,3ptr,good,28,18,0.536,0.5,,,28,9,0.25,0.111,23,1420
23,CENTREM,Rhodes Men's Basketball,76-74,76,74,"18-5, 12-3","16-9, 12-3",02/17/13,Lose,264,No Location Recorded,3:00 PM,03:40,"ASSIST  by WHITESIDE,DONOVAN",37,14,,-23,1,,,28,18,0.536,0.5,,,28,9,0.25,0.111,23,1420
23,CENTREM,Rhodes Men's Basketball,76-74,76,74,"18-5, 12-3","16-9, 12-3",02/17/13,Lose,264,No Location Recorded,3:00 PM,03:22,,37,14,"MISS LAYUP by HARTWELL,THEO",-23,1,,,28,18,0.536,0.5,layup,miss,29,9,0.241,0.111,23,1402
23,CENTREM,Rhodes Men's Basketball,76-74,76,74,"18-5, 12-3","16-9, 12-3",02/17/13,Lose,264,No Location Recorded,3:00 PM,03:22,"BLOCK  by HERTZEL,HOLDEN",37,14,,-23,1,,,28,18,0.536,0.5,,,29,9,0.241,0.111,23,1402
23,CENTREM,Rhodes Men's Basketball,76-74,76,74,"18-5, 12-3","16-9, 12-3",02/17/13,Lose,264,No Location Recorded,3:00 PM,03:22,"REBOUND DEF by TAYLOR,CHRIS",37,14,,-23,1,,,28,18,0.536,0.5,,,29,9,0.241,0.111,23,1402
23,CENTREM,Rhodes Men's Basketball,76-74,76,74,"18-5, 12-3","16-9, 12-3",02/17/13,Lose,264,No Location Recorded,3:00 PM,03:16,,37,14,"FOUL  by LIVSEY,GEOFF",-23,1,,,28,18,0.536,0.5,foul,,29,9,0.241,0.111,23,1396
23,CENTREM,Rhodes Men's Basketball,76-74,76,74,"18-5, 12-3","16-9, 12-3",02/17/13,Lose,264,No Location Recorded,3:00 PM,03:16,"GOOD FT by KARSNER,JOSH",38,14,,-24,1,ft,good,29,18,0.552,0.5,,,29,9,0.241,0.111,23,1396
23,CENTREM,Rhodes Men's Basketball,76-74,76,74,"18-5, 12-3","16-9, 12-3",02/17/13,Lose,264,No Location Recorded,3:00 PM,03:16,,38,14,"SUB IN by GALLAGHER,MICHAEL",-24,1,,,29,18,0.552,0.5,,,29,9,0.241,0.111,23,1396
23,CENTREM,Rhodes Men's Basketball,76-74,76,74,"18-5, 12-3","16-9, 12-3",02/17/13,Lose,264,No Location Recorded,3:00 PM,03:16,,38,14,"SUB OUT by LIVSEY,GEOFF",-24,1,,,29,18,0.552,0.5,,,29,9,0.241,0.111,23,1396
23,CENTREM,Rhodes Men's Basketball,76-74,76,74,"18-5, 12-3","16-9, 12-3",02/17/13,Lose,264,No Location Recorded,3:00 PM,03:14,,38,14,"MISS FT by LIVSEY,GEOFF",-24,1,,,29,18,0.552,0.5,ft,miss,30,9,0.233,0.111,23,1394
23,CENTREM,Rhodes Men's Basketball,76-74,76,74,"18-5, 12-3","16-9, 12-3",02/17/13,Lose,264,No Location Recorded,3:00 PM,03:14,,38,14,REBOUND DEADB by TEAM,-24,1,,,29,18,0.552,0.5,,,30,9,0.233,0.111,23,1394
23,CENTREM,Rhodes Men's Basketball,76-74,76,74,"18-5, 12-3","16-9, 12-3",02/17/13,Lose,264,No Location Recorded,3:00 PM,03:14,"GOOD FT by KARSNER,JOSH",39,14,,-25,1,ft,good,30,18,0.567,0.5,,,30,9,0.233,0.111,23,1394
23,CENTREM,Rhodes Men's Basketball,76-74,76,74,"18-5, 12-3","16-9, 12-3",02/17/13,Lose,264,No Location Recorded,3:00 PM,03:14,"SUB IN by WESLEY,TYLER",39,14,,-25,1,,,30,18,0.567,0.5,,,30,9,0.233,0.111,23,1394
23,CENTREM,Rhodes Men's Basketball,76-74,76,74,"18-5, 12-3","16-9, 12-3",02/17/13,Lose,264,No Location Recorded,3:00 PM,03:14,"SUB OUT by HERTZEL,HOLDEN",39,14,,-25,1,,,30,18,0.567,0.5,,,30,9,0.233,0.111,23,1394
23,CENTREM,Rhodes Men's Basketball,76-74,76,74,"18-5, 12-3","16-9, 12-3",02/17/13,Lose,264,No Location Recorded,3:00 PM,02:59,,39,14,"MISS JUMPER by MILLER,DREW",-25,1,,,30,18,0.567,0.5,jumper,miss,31,9,0.226,0.111,22,1379
23,CENTREM,Rhodes Men's Basketball,76-74,76,74,"18-5, 12-3","16-9, 12-3",02/17/13,Lose,264,No Location Recorded,3:00 PM,02:59,"REBOUND DEF by WHITESIDE,DONOVAN",39,14,,-25,1,,,30,18,0.567,0.5,,,31,9,0.226,0.111,22,1379
23,CENTREM,Rhodes Men's Basketball,76-74,76,74,"18-5, 12-3","16-9, 12-3",02/17/13,Lose,264,No Location Recorded,3:00 PM,02:49,,39,14,"FOUL  by HARTWELL,THEO",-25,1,,,30,18,0.567,0.5,foul,,31,9,0.226,0.111,22,1369
23,CENTREM,Rhodes Men's Basketball,76-74,76,74,"18-5, 12-3","16-9, 12-3",02/17/13,Lose,264,No Location Recorded,3:00 PM,02:33,"MISS LAYUP by TAYLOR,CHRIS",39,14,,-25,1,layup,miss,31,18,0.548,0.5,,,31,9,0.226,0.111,22,1353
23,CENTREM,Rhodes Men's Basketball,76-74,76,74,"18-5, 12-3","16-9, 12-3",02/17/13,Lose,264,No Location Recorded,3:00 PM,02:33,"REBOUND OFF by WESLEY,TYLER",39,14,,-25,1,,,31,18,0.548,0.5,,,31,9,0.226,0.111,22,1353
23,CENTREM,Rhodes Men's Basketball,76-74,76,74,"18-5, 12-3","16-9, 12-3",02/17/13,Lose,264,No Location Recorded,3:00 PM,02:29,"TURNOVER  by WESLEY,TYLER",39,14,,-25,1,,,31,18,0.548,0.5,,,31,9,0.226,0.111,22,1349
23,CENTREM,Rhodes Men's Basketball,76-74,76,74,"18-5, 12-3","16-9, 12-3",02/17/13,Lose,264,No Location Recorded,3:00 PM,02:28,,39,14,"STEAL  by MCGRAIL,PATRICK",-25,1,,,31,18,0.548,0.5,,,31,9,0.226,0.111,22,1348
23,CENTREM,Rhodes Men's Basketball,76-74,76,74,"18-5, 12-3","16-9, 12-3",02/17/13,Lose,264,No Location Recorded,3:00 PM,02:04,,39,14,"MISS JUMPER by MCGRAIL,PATRICK",-25,1,,,31,18,0.548,0.5,jumper,miss,32,9,0.219,0.111,22,1324
23,CENTREM,Rhodes Men's Basketball,76-74,76,74,"18-5, 12-3","16-9, 12-3",02/17/13,Lose,264,No Location Recorded,3:00 PM,02:04,"BLOCK  by WESLEY,TYLER",39,14,,-25,1,,,31,18,0.548,0.5,,,32,9,0.219,0.111,22,1324
23,CENTREM,Rhodes Men's Basketball,76-74,76,74,"18-5, 12-3","16-9, 12-3",02/17/13,Lose,264,No Location Recorded,3:00 PM,02:04,"REBOUND DEF by WHITESIDE,DONOVAN",39,14,,-25,1,,,31,18,0.548,0.5,,,32,9,0.219,0.111,22,1324
23,CENTREM,Rhodes Men's Basketball,76-74,76,74,"18-5, 12-3","16-9, 12-3",02/17/13,Lose,264,No Location Recorded,3:00 PM,01:56,"MISS LAYUP by WESLEY,TYLER",39,14,,-25,1,layup,miss,32,18,0.531,0.5,,,32,9,0.219,0.111,21,1316
23,CENTREM,Rhodes Men's Basketball,76-74,76,74,"18-5, 12-3","16-9, 12-3",02/17/13,Lose,264,No Location Recorded,3:00 PM,01:56,,39,14,"BLOCK  by HARTWELL,THEO",-25,1,,,32,18,0.531,0.5,,,32,9,0.219,0.111,21,1316
23,CENTREM,Rhodes Men's Basketball,76-74,76,74,"18-5, 12-3","16-9, 12-3",02/17/13,Lose,264,No Location Recorded,3:00 PM,01:56,,39,14,"REBOUND DEF by GALOW,ANDREW",-25,1,,,32,18,0.531,0.5,,,32,9,0.219,0.111,21,1316
23,CENTREM,Rhodes Men's Basketball,76-74,76,74,"18-5, 12-3","16-9, 12-3",02/17/13,Lose,264,No Location Recorded,3:00 PM,01:42,,39,16,"GOOD LAYUP by MILLER,DREW(in the paint)",-23,1,,,32,18,0.531,0.5,layup,good,33,9,0.242,0.111,21,1302
23,CENTREM,Rhodes Men's Basketball,76-74,76,74,"18-5, 12-3","16-9, 12-3",02/17/13,Lose,264,No Location Recorded,3:00 PM,01:42,"FOUL  by WHITESIDE,DONOVAN",39,16,,-23,1,foul,,32,18,0.531,0.5,,,33,9,0.242,0.111,21,1302
23,CENTREM,Rhodes Men's Basketball,76-74,76,74,"18-5, 12-3","16-9, 12-3",02/17/13,Lose,264,No Location Recorded,3:00 PM,01:42,,39,17,"GOOD FT by MILLER,DREW",-22,1,,,32,18,0.531,0.5,ft,good,34,9,0.265,0.111,21,1302
23,CENTREM,Rhodes Men's Basketball,76-74,76,74,"18-5, 12-3","16-9, 12-3",02/17/13,Lose,264,No Location Recorded,3:00 PM,01:42,"SUB IN by SCINTA,BLAKE",39,17,,-22,1,,,32,18,0.531,0.5,,,34,9,0.265,0.111,21,1302
23,CENTREM,Rhodes Men's Basketball,76-74,76,74,"18-5, 12-3","16-9, 12-3",02/17/13,Lose,264,No Location Recorded,3:00 PM,01:42,"SUB OUT by WHITESIDE,DONOVAN",39,17,,-22,1,,,32,18,0.531,0.5,,,34,9,0.265,0.111,21,1302
23,CENTREM,Rhodes Men's Basketball,76-74,76,74,"18-5, 12-3","16-9, 12-3",02/17/13,Lose,264,No Location Recorded,3:00 PM,01:42,,39,17,"SUB IN by HOECK,RYAN VAN",-22,1,,,32,18,0.531,0.5,,,34,9,0.265,0.111,21,1302
23,CENTREM,Rhodes Men's Basketball,76-74,76,74,"18-5, 12-3","16-9, 12-3",02/17/13,Lose,264,No Location Recorded,3:00 PM,01:42,,39,17,"SUB IN by WAGNER,MATT",-22,1,,,32,18,0.531,0.5,,,34,9,0.265,0.111,21,1302
23,CENTREM,Rhodes Men's Basketball,76-74,76,74,"18-5, 12-3","16-9, 12-3",02/17/13,Lose,264,No Location Recorded,3:00 PM,01:42,,39,17,"SUB OUT by HARTWELL,THEO",-22,1,,,32,18,0.531,0.5,,,34,9,0.265,0.111,21,1302
23,CENTREM,Rhodes Men's Basketball,76-74,76,74,"18-5, 12-3","16-9, 12-3",02/17/13,Lose,264,No Location Recorded,3:00 PM,01:42,,39,17,"SUB OUT by GALLAGHER,MICHAEL",-22,1,,,32,18,0.531,0.5,,,34,9,0.265,0.111,21,1302
23,CENTREM,Rhodes Men's Basketball,76-74,76,74,"18-5, 12-3","16-9, 12-3",02/17/13,Lose,264,No Location Recorded,3:00 PM,01:28,"MISS LAYUP by SCINTA,BLAKE",39,17,,-22,1,layup,miss,33,18,0.515,0.5,,,34,9,0.265,0.111,21,1288
23,CENTREM,Rhodes Men's Basketball,76-74,76,74,"18-5, 12-3","16-9, 12-3",02/17/13,Lose,264,No Location Recorded,3:00 PM,01:28,,39,17,"REBOUND DEF by HOECK,RYAN VAN",-22,1,,,33,18,0.515,0.5,,,34,9,0.265,0.111,21,1288
23,CENTREM,Rhodes Men's Basketball,76-74,76,74,"18-5, 12-3","16-9, 12-3",02/17/13,Lose,264,No Location Recorded,3:00 PM,01:08,,39,20,"GOOD 3PTR by GALOW,ANDREW",-19,1,,,33,18,0.515,0.5,3ptr,good,35,10,0.286,0.2,21,1268
23,CENTREM,Rhodes Men's Basketball,76-74,76,74,"18-5, 12-3","16-9, 12-3",02/17/13,Lose,264,No Location Recorded,3:00 PM,01:08,,39,20,"ASSIST  by WAGNER,MATT",-19,1,,,33,18,0.515,0.5,,,35,10,0.286,0.2,21,1268
23,CENTREM,Rhodes Men's Basketball,76-74,76,74,"18-5, 12-3","16-9, 12-3",02/17/13,Lose,264,No Location Recorded,3:00 PM,00:57,TIMEOUT 30SEC by TEAM,39,20,,-19,1,,,33,18,0.515,0.5,,,35,10,0.286,0.2,20,1257
23,CENTREM,Rhodes Men's Basketball,76-74,76,74,"18-5, 12-3","16-9, 12-3",02/17/13,Lose,264,No Location Recorded,3:00 PM,00:57,,39,20,"SUB IN by HARTWELL,THEO",-19,1,,,33,18,0.515,0.5,,,35,10,0.286,0.2,20,1257
23,CENTREM,Rhodes Men's Basketball,76-74,76,74,"18-5, 12-3","16-9, 12-3",02/17/13,Lose,264,No Location Recorded,3:00 PM,00:57,,39,20,"SUB OUT by WAGNER,MATT",-19,1,,,33,18,0.515,0.5,,,35,10,0.286,0.2,20,1257
23,CENTREM,Rhodes Men's Basketball,76-74,76,74,"18-5, 12-3","16-9, 12-3",02/17/13,Lose,264,No Location Recorded,3:00 PM,00:35,"MISS 3PTR by ELLIS,BRYON",39,20,,-19,1,3ptr,miss,34,19,0.5,0.474,,,35,10,0.286,0.2,20,1235
23,CENTREM,Rhodes Men's Basketball,76-74,76,74,"18-5, 12-3","16-9, 12-3",02/17/13,Lose,264,No Location Recorded,3:00 PM,00:35,,39,20,"REBOUND DEF by HARTWELL,THEO",-19,1,,,34,19,0.5,0.474,,,35,10,0.286,0.2,20,1235
23,CENTREM,Rhodes Men's Basketball,76-74,76,74,"18-5, 12-3","16-9, 12-3",02/17/13,Lose,264,No Location Recorded,3:00 PM,00:03,,39,23,"GOOD 3PTR by MCGRAIL,PATRICK",-16,1,,,34,19,0.5,0.474,3ptr,good,36,11,0.306,0.273,20,1203
23,CENTREM,Rhodes Men's Basketball,76-74,76,74,"18-5, 12-3","16-9, 12-3",02/17/13,Lose,264,No Location Recorded,3:00 PM,00:03,,39,23,"ASSIST  by HARTWELL,THEO",-16,1,,,34,19,0.5,0.474,,,36,11,0.306,0.273,20,1203
23,CENTREM,Rhodes Men's Basketball,76-74,76,74,"18-5, 12-3","16-9, 12-3",02/17/13,Lose,264,No Location Recorded,3:00 PM,20:00,,39,23,"SUB IN by CHIEN,KEVIN",-16,2,,,34,19,0.5,0.474,,,36,11,0.306,0.273,20,1200
23,CENTREM,Rhodes Men's Basketball,76-74,76,74,"18-5, 12-3","16-9, 12-3",02/17/13,Lose,264,No Location Recorded,3:00 PM,20:00,,39,23,"SUB IN by COLLINS,LUKE",-16,2,,,34,19,0.5,0.474,,,36,11,0.306,0.273,20,1200
23,CENTREM,Rhodes Men's Basketball,76-74,76,74,"18-5, 12-3","16-9, 12-3",02/17/13,Lose,264,No Location Recorded,3:00 PM,20:00,,39,23,"SUB IN by GALLAGHER,MICHAEL",-16,2,,,34,19,0.5,0.474,,,36,11,0.306,0.273,20,1200
23,CENTREM,Rhodes Men's Basketball,76-74,76,74,"18-5, 12-3","16-9, 12-3",02/17/13,Lose,264,No Location Recorded,3:00 PM,20:00,,39,23,"SUB IN by MILLER,JOEY",-16,2,,,34,19,0.5,0.474,,,36,11,0.306,0.273,20,1200
23,CENTREM,Rhodes Men's Basketball,76-74,76,74,"18-5, 12-3","16-9, 12-3",02/17/13,Lose,264,No Location Recorded,3:00 PM,20:00,,39,23,"SUB OUT by MILLER,DREW",-16,2,,,34,19,0.5,0.474,,,36,11,0.306,0.273,20,1200
23,CENTREM,Rhodes Men's Basketball,76-74,76,74,"18-5, 12-3","16-9, 12-3",02/17/13,Lose,264,No Location Recorded,3:00 PM,20:00,,39,23,"SUB OUT by MCGRAIL,PATRICK",-16,2,,,34,19,0.5,0.474,,,36,11,0.306,0.273,20,1200
23,CENTREM,Rhodes Men's Basketball,76-74,76,74,"18-5, 12-3","16-9, 12-3",02/17/13,Lose,264,No Location Recorded,3:00 PM,20:00,,39,23,"SUB OUT by GALOW,ANDREW",-16,2,,,34,19,0.5,0.474,,,36,11,0.306,0.273,20,1200
23,CENTREM,Rhodes Men's Basketball,76-74,76,74,"18-5, 12-3","16-9, 12-3",02/17/13,Lose,264,No Location Recorded,3:00 PM,20:00,,39,23,"SUB OUT by LIVSEY,GEOFF",-16,2,,,34,19,0.5,0.474,,,36,11,0.306,0.273,20,1200
23,CENTREM,Rhodes Men's Basketball,76-74,76,74,"18-5, 12-3","16-9, 12-3",02/17/13,Lose,264,No Location Recorded,3:00 PM,19:44,"TURNOVER  by WESLEY,TYLER",39,23,,-16,2,,,34,19,0.5,0.474,,,36,11,0.306,0.273,19,1184
23,CENTREM,Rhodes Men's Basketball,76-74,76,74,"18-5, 12-3","16-9, 12-3",02/17/13,Lose,264,No Location Recorded,3:00 PM,19:44,,39,23,"STEAL  by MILLER,DREW",-16,2,,,34,19,0.5,0.474,,,36,11,0.306,0.273,19,1184
23,CENTREM,Rhodes Men's Basketball,76-74,76,74,"18-5, 12-3","16-9, 12-3",02/17/13,Lose,264,No Location Recorded,3:00 PM,19:30,,39,25,"GOOD LAYUP by LIVSEY,GEOFF(in the paint)",-14,2,,,34,19,0.5,0.474,layup,good,37,11,0.324,0.273,19,1170
23,CENTREM,Rhodes Men's Basketball,76-74,76,74,"18-5, 12-3","16-9, 12-3",02/17/13,Lose,264,No Location Recorded,3:00 PM,19:30,,39,25,"ASSIST  by HARTWELL,THEO",-14,2,,,34,19,0.5,0.474,,,37,11,0.324,0.273,19,1170
23,CENTREM,Rhodes Men's Basketball,76-74,76,74,"18-5, 12-3","16-9, 12-3",02/17/13,Lose,264,No Location Recorded,3:00 PM,19:17,"TURNOVER  by KARSNER,JOSH",39,25,,-14,2,,,34,19,0.5,0.474,,,37,11,0.324,0.273,19,1157
23,CENTREM,Rhodes Men's Basketball,76-74,76,74,"18-5, 12-3","16-9, 12-3",02/17/13,Lose,264,No Location Recorded,3:00 PM,19:17,,39,25,"STEAL  by MILLER,DREW",-14,2,,,34,19,0.5,0.474,,,37,11,0.324,0.273,19,1157
23,CENTREM,Rhodes Men's Basketball,76-74,76,74,"18-5, 12-3","16-9, 12-3",02/17/13,Lose,264,No Location Recorded,3:00 PM,19:16,"FOUL  by KARSNER,JOSH",39,25,,-14,2,foul,,34,19,0.5,0.474,,,37,11,0.324,0.273,19,1156
23,CENTREM,Rhodes Men's Basketball,76-74,76,74,"18-5, 12-3","16-9, 12-3",02/17/13,Lose,264,No Location Recorded,3:00 PM,19:16,TIMEOUT 30SEC by TEAM,39,25,,-14,2,,,34,19,0.5,0.474,,,37,11,0.324,0.273,19,1156
23,CENTREM,Rhodes Men's Basketball,76-74,76,74,"18-5, 12-3","16-9, 12-3",02/17/13,Lose,264,No Location Recorded,3:00 PM,19:03,,39,25,"MISS LAYUP by HARTWELL,THEO",-14,2,,,34,19,0.5,0.474,layup,miss,38,11,0.316,0.273,19,1143
23,CENTREM,Rhodes Men's Basketball,76-74,76,74,"18-5, 12-3","16-9, 12-3",02/17/13,Lose,264,No Location Recorded,3:00 PM,19:03,"BLOCK  by WESLEY,TYLER",39,25,,-14,2,,,34,19,0.5,0.474,,,38,11,0.316,0.273,19,1143
23,CENTREM,Rhodes Men's Basketball,76-74,76,74,"18-5, 12-3","16-9, 12-3",02/17/13,Lose,264,No Location Recorded,3:00 PM,19:03,,39,25,"REBOUND OFF by LIVSEY,GEOFF",-14,2,,,34,19,0.5,0.474,,,38,11,0.316,0.273,19,1143
23,CENTREM,Rhodes Men's Basketball,76-74,76,74,"18-5, 12-3","16-9, 12-3",02/17/13,Lose,264,No Location Recorded,3:00 PM,18:54,,39,25,"MISS LAYUP by HARTWELL,THEO",-14,2,,,34,19,0.5,0.474,layup,miss,39,11,0.308,0.273,18,1134
23,CENTREM,Rhodes Men's Basketball,76-74,76,74,"18-5, 12-3","16-9, 12-3",02/17/13,Lose,264,No Location Recorded,3:00 PM,18:54,"REBOUND DEF by WESLEY,TYLER",39,25,,-14,2,,,34,19,0.5,0.474,,,39,11,0.308,0.273,18,1134
23,CENTREM,Rhodes Men's Basketball,76-74,76,74,"18-5, 12-3","16-9, 12-3",02/17/13,Lose,264,No Location Recorded,3:00 PM,18:40,"GOOD JUMPER by TAYLOR,CHRIS",41,25,,-16,2,jumper,good,35,19,0.514,0.474,,,39,11,0.308,0.273,18,1120
23,CENTREM,Rhodes Men's Basketball,76-74,76,74,"18-5, 12-3","16-9, 12-3",02/17/13,Lose,264,No Location Recorded,3:00 PM,18:29,,41,28,"GOOD 3PTR by MILLER,DREW",-13,2,,,35,19,0.514,0.474,3ptr,good,40,12,0.325,0.333,18,1109
23,CENTREM,Rhodes Men's Basketball,76-74,76,74,"18-5, 12-3","16-9, 12-3",02/17/13,Lose,264,No Location Recorded,3:00 PM,18:29,,41,28,"ASSIST  by HARTWELL,THEO",-13,2,,,35,19,0.514,0.474,,,40,12,0.325,0.333,18,1109
23,CENTREM,Rhodes Men's Basketball,76-74,76,74,"18-5, 12-3","16-9, 12-3",02/17/13,Lose,264,No Location Recorded,3:00 PM,18:06,"MISS 3PTR by SCINTA,BLAKE",41,28,,-13,2,3ptr,miss,36,20,0.5,0.45,,,40,12,0.325,0.333,18,1086
23,CENTREM,Rhodes Men's Basketball,76-74,76,74,"18-5, 12-3","16-9, 12-3",02/17/13,Lose,264,No Location Recorded,3:00 PM,18:06,"REBOUND OFF by WESLEY,TYLER",41,28,,-13,2,,,36,20,0.5,0.45,,,40,12,0.325,0.333,18,1086
23,CENTREM,Rhodes Men's Basketball,76-74,76,74,"18-5, 12-3","16-9, 12-3",02/17/13,Lose,264,No Location Recorded,3:00 PM,18:00,"TURNOVER  by WESLEY,TYLER",41,28,,-13,2,,,36,20,0.5,0.45,,,40,12,0.325,0.333,18,1080
23,CENTREM,Rhodes Men's Basketball,76-74,76,74,"18-5, 12-3","16-9, 12-3",02/17/13,Lose,264,No Location Recorded,3:00 PM,17:59,,41,28,"STEAL  by GALOW,ANDREW",-13,2,,,36,20,0.5,0.45,,,40,12,0.325,0.333,17,1079
23,CENTREM,Rhodes Men's Basketball,76-74,76,74,"18-5, 12-3","16-9, 12-3",02/17/13,Lose,264,No Location Recorded,3:00 PM,17:57,,41,30,"GOOD LAYUP by MILLER,DREW(fastbreak)(in the paint)",-11,2,,,36,20,0.5,0.45,layup,good,41,12,0.341,0.333,17,1077
23,CENTREM,Rhodes Men's Basketball,76-74,76,74,"18-5, 12-3","16-9, 12-3",02/17/13,Lose,264,No Location Recorded,3:00 PM,17:57,,41,30,"ASSIST  by GALOW,ANDREW",-11,2,,,36,20,0.5,0.45,,,41,12,0.341,0.333,17,1077
23,CENTREM,Rhodes Men's Basketball,76-74,76,74,"18-5, 12-3","16-9, 12-3",02/17/13,Lose,264,No Location Recorded,3:00 PM,17:36,"MISS LAYUP by WESLEY,TYLER",41,30,,-11,2,layup,miss,37,20,0.486,0.45,,,41,12,0.341,0.333,17,1056
23,CENTREM,Rhodes Men's Basketball,76-74,76,74,"18-5, 12-3","16-9, 12-3",02/17/13,Lose,264,No Location Recorded,3:00 PM,17:36,,41,30,"BLOCK  by HARTWELL,THEO",-11,2,,,37,20,0.486,0.45,,,41,12,0.341,0.333,17,1056
23,CENTREM,Rhodes Men's Basketball,76-74,76,74,"18-5, 12-3","16-9, 12-3",02/17/13,Lose,264,No Location Recorded,3:00 PM,17:36,,41,30,"REBOUND DEF by HARTWELL,THEO",-11,2,,,37,20,0.486,0.45,,,41,12,0.341,0.333,17,1056
23,CENTREM,Rhodes Men's Basketball,76-74,76,74,"18-5, 12-3","16-9, 12-3",02/17/13,Lose,264,No Location Recorded,3:00 PM,17:28,,41,33,"GOOD 3PTR by MILLER,DREW",-8,2,,,37,20,0.486,0.45,3ptr,good,42,13,0.357,0.385,17,1048
23,CENTREM,Rhodes Men's Basketball,76-74,76,74,"18-5, 12-3","16-9, 12-3",02/17/13,Lose,264,No Location Recorded,3:00 PM,17:28,,41,33,"ASSIST  by MCGRAIL,PATRICK",-8,2,,,37,20,0.486,0.45,,,42,13,0.357,0.385,17,1048
23,CENTREM,Rhodes Men's Basketball,76-74,76,74,"18-5, 12-3","16-9, 12-3",02/17/13,Lose,264,No Location Recorded,3:00 PM,17:24,TIMEOUT TEAM by TEAM,41,33,,-8,2,,,37,20,0.486,0.45,,,42,13,0.357,0.385,17,1044
23,CENTREM,Rhodes Men's Basketball,76-74,76,74,"18-5, 12-3","16-9, 12-3",02/17/13,Lose,264,No Location Recorded,3:00 PM,17:06,"MISS LAYUP by WESLEY,TYLER",41,33,,-8,2,layup,miss,38,20,0.474,0.45,,,42,13,0.357,0.385,17,1026
23,CENTREM,Rhodes Men's Basketball,76-74,76,74,"18-5, 12-3","16-9, 12-3",02/17/13,Lose,264,No Location Recorded,3:00 PM,17:06,"REBOUND OFF by WESLEY,TYLER",41,33,,-8,2,,,38,20,0.474,0.45,,,42,13,0.357,0.385,17,1026
23,CENTREM,Rhodes Men's Basketball,76-74,76,74,"18-5, 12-3","16-9, 12-3",02/17/13,Lose,264,No Location Recorded,3:00 PM,17:06,,41,33,"FOUL  by HARTWELL,THEO",-8,2,,,38,20,0.474,0.45,foul,,42,13,0.357,0.385,17,1026
23,CENTREM,Rhodes Men's Basketball,76-74,76,74,"18-5, 12-3","16-9, 12-3",02/17/13,Lose,264,No Location Recorded,3:00 PM,17:06,"MISS FT by WESLEY,TYLER",41,33,,-8,2,ft,miss,39,20,0.462,0.45,,,42,13,0.357,0.385,17,1026
23,CENTREM,Rhodes Men's Basketball,76-74,76,74,"18-5, 12-3","16-9, 12-3",02/17/13,Lose,264,No Location Recorded,3:00 PM,17:06,REBOUND DEADB by TEAM,41,33,,-8,2,,,39,20,0.462,0.45,,,42,13,0.357,0.385,17,1026
23,CENTREM,Rhodes Men's Basketball,76-74,76,74,"18-5, 12-3","16-9, 12-3",02/17/13,Lose,264,No Location Recorded,3:00 PM,17:06,"MISS FT by WESLEY,TYLER",41,33,,-8,2,ft,miss,40,20,0.45,0.45,,,42,13,0.357,0.385,17,1026
23,CENTREM,Rhodes Men's Basketball,76-74,76,74,"18-5, 12-3","16-9, 12-3",02/17/13,Lose,264,No Location Recorded,3:00 PM,17:06,,41,33,"REBOUND DEF by LIVSEY,GEOFF",-8,2,,,40,20,0.45,0.45,,,42,13,0.357,0.385,17,1026
23,CENTREM,Rhodes Men's Basketball,76-74,76,74,"18-5, 12-3","16-9, 12-3",02/17/13,Lose,264,No Location Recorded,3:00 PM,16:55,,41,35,"GOOD JUMPER by LIVSEY,GEOFF",-6,2,,,40,20,0.45,0.45,jumper,good,43,13,0.372,0.385,16,1015
23,CENTREM,Rhodes Men's Basketball,76-74,76,74,"18-5, 12-3","16-9, 12-3",02/17/13,Lose,264,No Location Recorded,3:00 PM,16:55,,41,35,"ASSIST  by GALOW,ANDREW",-6,2,,,40,20,0.45,0.45,,,43,13,0.372,0.385,16,1015
23,CENTREM,Rhodes Men's Basketball,76-74,76,74,"18-5, 12-3","16-9, 12-3",02/17/13,Lose,264,No Location Recorded,3:00 PM,16:41,"GOOD JUMPER by ELLIS,BRYON",43,35,,-8,2,jumper,good,41,20,0.463,0.45,,,43,13,0.372,0.385,16,1001
23,CENTREM,Rhodes Men's Basketball,76-74,76,74,"18-5, 12-3","16-9, 12-3",02/17/13,Lose,264,No Location Recorded,3:00 PM,16:27,,43,35,"MISS JUMPER by LIVSEY,GEOFF",-8,2,,,41,20,0.463,0.45,jumper,miss,44,13,0.364,0.385,16,987
23,CENTREM,Rhodes Men's Basketball,76-74,76,74,"18-5, 12-3","16-9, 12-3",02/17/13,Lose,264,No Location Recorded,3:00 PM,16:27,,43,35,"REBOUND OFF by HARTWELL,THEO",-8,2,,,41,20,0.463,0.45,,,44,13,0.364,0.385,16,987
23,CENTREM,Rhodes Men's Basketball,76-74,76,74,"18-5, 12-3","16-9, 12-3",02/17/13,Lose,264,No Location Recorded,3:00 PM,16:19,,43,38,"GOOD 3PTR by MILLER,DREW",-5,2,,,41,20,0.463,0.45,3ptr,good,45,14,0.378,0.429,16,979
23,CENTREM,Rhodes Men's Basketball,76-74,76,74,"18-5, 12-3","16-9, 12-3",02/17/13,Lose,264,No Location Recorded,3:00 PM,16:19,,43,38,"ASSIST  by LIVSEY,GEOFF",-5,2,,,41,20,0.463,0.45,,,45,14,0.378,0.429,16,979
23,CENTREM,Rhodes Men's Basketball,76-74,76,74,"18-5, 12-3","16-9, 12-3",02/17/13,Lose,264,No Location Recorded,3:00 PM,16:03,"GOOD JUMPER by TAYLOR,CHRIS",45,38,,-7,2,jumper,good,42,20,0.476,0.45,,,45,14,0.378,0.429,16,963
23,CENTREM,Rhodes Men's Basketball,76-74,76,74,"18-5, 12-3","16-9, 12-3",02/17/13,Lose,264,No Location Recorded,3:00 PM,15:42,,45,40,"GOOD LAYUP by HARTWELL,THEO(in the paint)",-5,2,,,42,20,0.476,0.45,layup,good,46,14,0.391,0.429,15,942
23,CENTREM,Rhodes Men's Basketball,76-74,76,74,"18-5, 12-3","16-9, 12-3",02/17/13,Lose,264,No Location Recorded,3:00 PM,15:42,,45,40,"ASSIST  by LIVSEY,GEOFF",-5,2,,,42,20,0.476,0.45,,,46,14,0.391,0.429,15,942
23,CENTREM,Rhodes Men's Basketball,76-74,76,74,"18-5, 12-3","16-9, 12-3",02/17/13,Lose,264,No Location Recorded,3:00 PM,15:29,"GOOD 3PTR by KARSNER,JOSH",48,40,,-8,2,3ptr,good,43,21,0.488,0.476,,,46,14,0.391,0.429,15,929
23,CENTREM,Rhodes Men's Basketball,76-74,76,74,"18-5, 12-3","16-9, 12-3",02/17/13,Lose,264,No Location Recorded,3:00 PM,15:29,"ASSIST  by TAYLOR,CHRIS",48,40,,-8,2,,,43,21,0.488,0.476,,,46,14,0.391,0.429,15,929
23,CENTREM,Rhodes Men's Basketball,76-74,76,74,"18-5, 12-3","16-9, 12-3",02/17/13,Lose,264,No Location Recorded,3:00 PM,15:17,,48,42,"GOOD LAYUP by GALOW,ANDREW(in the paint)",-6,2,,,43,21,0.488,0.476,layup,good,47,14,0.404,0.429,15,917
23,CENTREM,Rhodes Men's Basketball,76-74,76,74,"18-5, 12-3","16-9, 12-3",02/17/13,Lose,264,No Location Recorded,3:00 PM,14:48,"GOOD 3PTR by KARSNER,JOSH",51,42,,-9,2,3ptr,good,44,22,0.5,0.5,,,47,14,0.404,0.429,14,888
23,CENTREM,Rhodes Men's Basketball,76-74,76,74,"18-5, 12-3","16-9, 12-3",02/17/13,Lose,264,No Location Recorded,3:00 PM,14:48,"ASSIST  by WHITESIDE,DONOVAN",51,42,,-9,2,,,44,22,0.5,0.5,,,47,14,0.404,0.429,14,888
23,CENTREM,Rhodes Men's Basketball,76-74,76,74,"18-5, 12-3","16-9, 12-3",02/17/13,Lose,264,No Location Recorded,3:00 PM,14:35,"SUB IN by HERTZEL,HOLDEN",51,42,,-9,2,,,44,22,0.5,0.5,,,47,14,0.404,0.429,14,875
23,CENTREM,Rhodes Men's Basketball,76-74,76,74,"18-5, 12-3","16-9, 12-3",02/17/13,Lose,264,No Location Recorded,3:00 PM,14:35,"SUB OUT by WESLEY,TYLER",51,42,,-9,2,,,44,22,0.5,0.5,,,47,14,0.404,0.429,14,875
23,CENTREM,Rhodes Men's Basketball,76-74,76,74,"18-5, 12-3","16-9, 12-3",02/17/13,Lose,264,No Location Recorded,3:00 PM,14:35,,51,42,"SUB IN by HOECK,RYAN VAN",-9,2,,,44,22,0.5,0.5,,,47,14,0.404,0.429,14,875
23,CENTREM,Rhodes Men's Basketball,76-74,76,74,"18-5, 12-3","16-9, 12-3",02/17/13,Lose,264,No Location Recorded,3:00 PM,14:35,,51,42,"SUB OUT by HARTWELL,THEO",-9,2,,,44,22,0.5,0.5,,,47,14,0.404,0.429,14,875
23,CENTREM,Rhodes Men's Basketball,76-74,76,74,"18-5, 12-3","16-9, 12-3",02/17/13,Lose,264,No Location Recorded,3:00 PM,14:23,,51,42,"MISS 3PTR by GALOW,ANDREW",-9,2,,,44,22,0.5,0.5,3ptr,miss,48,15,0.396,0.4,14,863
23,CENTREM,Rhodes Men's Basketball,76-74,76,74,"18-5, 12-3","16-9, 12-3",02/17/13,Lose,264,No Location Recorded,3:00 PM,14:23,"REBOUND DEF by ELLIS,BRYON",51,42,,-9,2,,,44,22,0.5,0.5,,,48,15,0.396,0.4,14,863
23,CENTREM,Rhodes Men's Basketball,76-74,76,74,"18-5, 12-3","16-9, 12-3",02/17/13,Lose,264,No Location Recorded,3:00 PM,14:07,,51,42,"FOUL  by HOECK,RYAN VAN",-9,2,,,44,22,0.5,0.5,foul,,48,15,0.396,0.4,14,847
23,CENTREM,Rhodes Men's Basketball,76-74,76,74,"18-5, 12-3","16-9, 12-3",02/17/13,Lose,264,No Location Recorded,3:00 PM,14:07,"SUB IN by WHITESIDE,DONOVAN",51,42,,-9,2,,,44,22,0.5,0.5,,,48,15,0.396,0.4,14,847
23,CENTREM,Rhodes Men's Basketball,76-74,76,74,"18-5, 12-3","16-9, 12-3",02/17/13,Lose,264,No Location Recorded,3:00 PM,14:07,"SUB OUT by KARSNER,JOSH",51,42,,-9,2,,,44,22,0.5,0.5,,,48,15,0.396,0.4,14,847
23,CENTREM,Rhodes Men's Basketball,76-74,76,74,"18-5, 12-3","16-9, 12-3",02/17/13,Lose,264,No Location Recorded,3:00 PM,13:46,"MISS JUMPER by HERTZEL,HOLDEN",51,42,,-9,2,jumper,miss,45,22,0.489,0.5,,,48,15,0.396,0.4,13,826
23,CENTREM,Rhodes Men's Basketball,76-74,76,74,"18-5, 12-3","16-9, 12-3",02/17/13,Lose,264,No Location Recorded,3:00 PM,13:46,"REBOUND OFF by SCINTA,BLAKE",51,42,,-9,2,,,45,22,0.489,0.5,,,48,15,0.396,0.4,13,826
23,CENTREM,Rhodes Men's Basketball,76-74,76,74,"18-5, 12-3","16-9, 12-3",02/17/13,Lose,264,No Location Recorded,3:00 PM,13:43,"GOOD LAYUP by SCINTA,BLAKE(in the paint)",53,42,,-11,2,layup,good,46,22,0.5,0.5,,,48,15,0.396,0.4,13,823
23,CENTREM,Rhodes Men's Basketball,76-74,76,74,"18-5, 12-3","16-9, 12-3",02/17/13,Lose,264,No Location Recorded,3:00 PM,13:23,,53,44,"GOOD LAYUP by MILLER,DREW(in the paint)",-9,2,,,46,22,0.5,0.5,layup,good,49,15,0.408,0.4,13,803
23,CENTREM,Rhodes Men's Basketball,76-74,76,74,"18-5, 12-3","16-9, 12-3",02/17/13,Lose,264,No Location Recorded,3:00 PM,13:23,"FOUL  by WHITESIDE,DONOVAN",53,44,,-9,2,foul,,46,22,0.5,0.5,,,49,15,0.408,0.4,13,803
23,CENTREM,Rhodes Men's Basketball,76-74,76,74,"18-5, 12-3","16-9, 12-3",02/17/13,Lose,264,No Location Recorded,3:00 PM,13:23,,53,45,"GOOD FT by MILLER,DREW",-8,2,,,46,22,0.5,0.5,ft,good,50,15,0.42,0.4,13,803
23,CENTREM,Rhodes Men's Basketball,76-74,76,74,"18-5, 12-3","16-9, 12-3",02/17/13,Lose,264,No Location Recorded,3:00 PM,13:23,"SUB IN by LOPEZ,COLLIN",53,45,,-8,2,,,46,22,0.5,0.5,,,50,15,0.42,0.4,13,803
23,CENTREM,Rhodes Men's Basketball,76-74,76,74,"18-5, 12-3","16-9, 12-3",02/17/13,Lose,264,No Location Recorded,3:00 PM,13:23,"SUB OUT by WHITESIDE,DONOVAN",53,45,,-8,2,,,46,22,0.5,0.5,,,50,15,0.42,0.4,13,803
23,CENTREM,Rhodes Men's Basketball,76-74,76,74,"18-5, 12-3","16-9, 12-3",02/17/13,Lose,264,No Location Recorded,3:00 PM,13:23,,53,45,"SUB IN by HARTWELL,THEO",-8,2,,,46,22,0.5,0.5,,,50,15,0.42,0.4,13,803
23,CENTREM,Rhodes Men's Basketball,76-74,76,74,"18-5, 12-3","16-9, 12-3",02/17/13,Lose,264,No Location Recorded,3:00 PM,12:54,"FOUL  by SCINTA,BLAKE",53,45,,-8,2,foul,,46,22,0.5,0.5,,,50,15,0.42,0.4,12,774
23,CENTREM,Rhodes Men's Basketball,76-74,76,74,"18-5, 12-3","16-9, 12-3",02/17/13,Lose,264,No Location Recorded,3:00 PM,12:54,"TURNOVER  by SCINTA,BLAKE",53,45,,-8,2,,,46,22,0.5,0.5,,,50,15,0.42,0.4,12,774
23,CENTREM,Rhodes Men's Basketball,76-74,76,74,"18-5, 12-3","16-9, 12-3",02/17/13,Lose,264,No Location Recorded,3:00 PM,12:48,"FOUL  by SCINTA,BLAKE",53,45,,-8,2,foul,,46,22,0.5,0.5,,,50,15,0.42,0.4,12,768
23,CENTREM,Rhodes Men's Basketball,76-74,76,74,"18-5, 12-3","16-9, 12-3",02/17/13,Lose,264,No Location Recorded,3:00 PM,12:48,,53,46,"GOOD FT by GALOW,ANDREW",-7,2,,,46,22,0.5,0.5,ft,good,51,15,0.431,0.4,12,768
23,CENTREM,Rhodes Men's Basketball,76-74,76,74,"18-5, 12-3","16-9, 12-3",02/17/13,Lose,264,No Location Recorded,3:00 PM,12:48,,53,46,"MISS FT by GALOW,ANDREW",-7,2,,,46,22,0.5,0.5,ft,miss,52,15,0.423,0.4,12,768
23,CENTREM,Rhodes Men's Basketball,76-74,76,74,"18-5, 12-3","16-9, 12-3",02/17/13,Lose,264,No Location Recorded,3:00 PM,12:48,"REBOUND DEF by KARSNER,JOSH",53,46,,-7,2,,,46,22,0.5,0.5,,,52,15,0.423,0.4,12,768
23,CENTREM,Rhodes Men's Basketball,76-74,76,74,"18-5, 12-3","16-9, 12-3",02/17/13,Lose,264,No Location Recorded,3:00 PM,12:48,"SUB IN by KARSNER,JOSH",53,46,,-7,2,,,46,22,0.5,0.5,,,52,15,0.423,0.4,12,768
23,CENTREM,Rhodes Men's Basketball,76-74,76,74,"18-5, 12-3","16-9, 12-3",02/17/13,Lose,264,No Location Recorded,3:00 PM,12:48,"SUB IN by WESLEY,TYLER",53,46,,-7,2,,,46,22,0.5,0.5,,,52,15,0.423,0.4,12,768
23,CENTREM,Rhodes Men's Basketball,76-74,76,74,"18-5, 12-3","16-9, 12-3",02/17/13,Lose,264,No Location Recorded,3:00 PM,12:48,"SUB OUT by SCINTA,BLAKE",53,46,,-7,2,,,46,22,0.5,0.5,,,52,15,0.423,0.4,12,768
23,CENTREM,Rhodes Men's Basketball,76-74,76,74,"18-5, 12-3","16-9, 12-3",02/17/13,Lose,264,No Location Recorded,3:00 PM,12:48,"SUB OUT by HERTZEL,HOLDEN",53,46,,-7,2,,,46,22,0.5,0.5,,,52,15,0.423,0.4,12,768
23,CENTREM,Rhodes Men's Basketball,76-74,76,74,"18-5, 12-3","16-9, 12-3",02/17/13,Lose,264,No Location Recorded,3:00 PM,12:48,,53,46,"SUB IN by LIVSEY,GEOFF",-7,2,,,46,22,0.5,0.5,,,52,15,0.423,0.4,12,768
23,CENTREM,Rhodes Men's Basketball,76-74,76,74,"18-5, 12-3","16-9, 12-3",02/17/13,Lose,264,No Location Recorded,3:00 PM,12:48,,53,46,"SUB OUT by HOECK,RYAN VAN",-7,2,,,46,22,0.5,0.5,,,52,15,0.423,0.4,12,768
23,CENTREM,Rhodes Men's Basketball,76-74,76,74,"18-5, 12-3","16-9, 12-3",02/17/13,Lose,264,No Location Recorded,3:00 PM,12:28,"MISS 3PTR by LOPEZ,COLLIN",53,46,,-7,2,3ptr,miss,47,23,0.489,0.478,,,52,15,0.423,0.4,12,748
23,CENTREM,Rhodes Men's Basketball,76-74,76,74,"18-5, 12-3","16-9, 12-3",02/17/13,Lose,264,No Location Recorded,3:00 PM,12:28,,53,46,"REBOUND DEF by GALOW,ANDREW",-7,2,,,47,23,0.489,0.478,,,52,15,0.423,0.4,12,748
23,CENTREM,Rhodes Men's Basketball,76-74,76,74,"18-5, 12-3","16-9, 12-3",02/17/13,Lose,264,No Location Recorded,3:00 PM,12:09,,53,49,"GOOD 3PTR by MILLER,DREW",-4,2,,,47,23,0.489,0.478,3ptr,good,53,16,0.434,0.438,12,729
23,CENTREM,Rhodes Men's Basketball,76-74,76,74,"18-5, 12-3","16-9, 12-3",02/17/13,Lose,264,No Location Recorded,3:00 PM,12:09,,53,49,"ASSIST  by GALOW,ANDREW",-4,2,,,47,23,0.489,0.478,,,53,16,0.434,0.438,12,729
23,CENTREM,Rhodes Men's Basketball,76-74,76,74,"18-5, 12-3","16-9, 12-3",02/17/13,Lose,264,No Location Recorded,3:00 PM,11:49,"GOOD 3PTR by KARSNER,JOSH",56,49,,-7,2,3ptr,good,48,24,0.5,0.5,,,53,16,0.434,0.438,11,709
23,CENTREM,Rhodes Men's Basketball,76-74,76,74,"18-5, 12-3","16-9, 12-3",02/17/13,Lose,264,No Location Recorded,3:00 PM,11:49,"ASSIST  by LOPEZ,COLLIN",56,49,,-7,2,,,48,24,0.5,0.5,,,53,16,0.434,0.438,11,709
23,CENTREM,Rhodes Men's Basketball,76-74,76,74,"18-5, 12-3","16-9, 12-3",02/17/13,Lose,264,No Location Recorded,3:00 PM,11:36,,56,49,"MISS 3PTR by GALOW,ANDREW",-7,2,,,48,24,0.5,0.5,3ptr,miss,54,17,0.426,0.412,11,696
23,CENTREM,Rhodes Men's Basketball,76-74,76,74,"18-5, 12-3","16-9, 12-3",02/17/13,Lose,264,No Location Recorded,3:00 PM,11:36,REBOUND DEF by TEAM,56,49,,-7,2,,,48,24,0.5,0.5,,,54,17,0.426,0.412,11,696
23,CENTREM,Rhodes Men's Basketball,76-74,76,74,"18-5, 12-3","16-9, 12-3",02/17/13,Lose,264,No Location Recorded,3:00 PM,11:34,"SUB IN by GRIGGS,MATT",56,49,,-7,2,,,48,24,0.5,0.5,,,54,17,0.426,0.412,11,694
23,CENTREM,Rhodes Men's Basketball,76-74,76,74,"18-5, 12-3","16-9, 12-3",02/17/13,Lose,264,No Location Recorded,3:00 PM,11:34,"SUB OUT by TAYLOR,CHRIS",56,49,,-7,2,,,48,24,0.5,0.5,,,54,17,0.426,0.412,11,694
23,CENTREM,Rhodes Men's Basketball,76-74,76,74,"18-5, 12-3","16-9, 12-3",02/17/13,Lose,264,No Location Recorded,3:00 PM,11:11,,56,49,"FOUL  by LIVSEY,GEOFF",-7,2,,,48,24,0.5,0.5,foul,,54,17,0.426,0.412,11,671
23,CENTREM,Rhodes Men's Basketball,76-74,76,74,"18-5, 12-3","16-9, 12-3",02/17/13,Lose,264,No Location Recorded,3:00 PM,10:55,,56,49,"FOUL  by HARTWELL,THEO",-7,2,,,48,24,0.5,0.5,foul,,54,17,0.426,0.412,10,655
23,CENTREM,Rhodes Men's Basketball,76-74,76,74,"18-5, 12-3","16-9, 12-3",02/17/13,Lose,264,No Location Recorded,3:00 PM,10:55,,56,49,"SUB IN by HOECK,RYAN VAN",-7,2,,,48,24,0.5,0.5,,,54,17,0.426,0.412,10,655
23,CENTREM,Rhodes Men's Basketball,76-74,76,74,"18-5, 12-3","16-9, 12-3",02/17/13,Lose,264,No Location Recorded,3:00 PM,10:55,,56,49,"SUB IN by MCGRAIL,PATRICK",-7,2,,,48,24,0.5,0.5,,,54,17,0.426,0.412,10,655
23,CENTREM,Rhodes Men's Basketball,76-74,76,74,"18-5, 12-3","16-9, 12-3",02/17/13,Lose,264,No Location Recorded,3:00 PM,10:55,,56,49,"SUB OUT by HARTWELL,THEO",-7,2,,,48,24,0.5,0.5,,,54,17,0.426,0.412,10,655
23,CENTREM,Rhodes Men's Basketball,76-74,76,74,"18-5, 12-3","16-9, 12-3",02/17/13,Lose,264,No Location Recorded,3:00 PM,10:55,,56,49,"SUB OUT by LIVSEY,GEOFF",-7,2,,,48,24,0.5,0.5,,,54,17,0.426,0.412,10,655
23,CENTREM,Rhodes Men's Basketball,76-74,76,74,"18-5, 12-3","16-9, 12-3",02/17/13,Lose,264,No Location Recorded,3:00 PM,10:49,,56,49,"FOUL  by MILLER,DREW",-7,2,,,48,24,0.5,0.5,foul,,54,17,0.426,0.412,10,649
23,CENTREM,Rhodes Men's Basketball,76-74,76,74,"18-5, 12-3","16-9, 12-3",02/17/13,Lose,264,No Location Recorded,3:00 PM,10:49,"GOOD FT by KARSNER,JOSH",57,49,,-8,2,ft,good,49,24,0.51,0.5,,,54,17,0.426,0.412,10,649
23,CENTREM,Rhodes Men's Basketball,76-74,76,74,"18-5, 12-3","16-9, 12-3",02/17/13,Lose,264,No Location Recorded,3:00 PM,10:49,"GOOD FT by KARSNER,JOSH",58,49,,-9,2,ft,good,50,24,0.52,0.5,,,54,17,0.426,0.412,10,649
23,CENTREM,Rhodes Men's Basketball,76-74,76,74,"18-5, 12-3","16-9, 12-3",02/17/13,Lose,264,No Location Recorded,3:00 PM,10:49,"GOOD FT by KARSNER,JOSH",59,49,,-10,2,ft,good,51,24,0.529,0.5,,,54,17,0.426,0.412,10,649
23,CENTREM,Rhodes Men's Basketball,76-74,76,74,"18-5, 12-3","16-9, 12-3",02/17/13,Lose,264,No Location Recorded,3:00 PM,10:34,,59,52,"GOOD 3PTR by MILLER,DREW",-7,2,,,51,24,0.529,0.5,3ptr,good,55,18,0.436,0.444,10,634
23,CENTREM,Rhodes Men's Basketball,76-74,76,74,"18-5, 12-3","16-9, 12-3",02/17/13,Lose,264,No Location Recorded,3:00 PM,10:34,,59,52,"ASSIST  by COLLINS,LUKE",-7,2,,,51,24,0.529,0.5,,,55,18,0.436,0.444,10,634
23,CENTREM,Rhodes Men's Basketball,76-74,76,74,"18-5, 12-3","16-9, 12-3",02/17/13,Lose,264,No Location Recorded,3:00 PM,10:10,"TURNOVER  by GRIGGS,MATT",59,52,,-7,2,,,51,24,0.529,0.5,,,55,18,0.436,0.444,10,610
23,CENTREM,Rhodes Men's Basketball,76-74,76,74,"18-5, 12-3","16-9, 12-3",02/17/13,Lose,264,No Location Recorded,3:00 PM,10:09,,59,52,"STEAL  by MILLER,DREW",-7,2,,,51,24,0.529,0.5,,,55,18,0.436,0.444,10,609
23,CENTREM,Rhodes Men's Basketball,76-74,76,74,"18-5, 12-3","16-9, 12-3",02/17/13,Lose,264,No Location Recorded,3:00 PM,10:04,,59,52,"FOUL  by MCGRAIL,PATRICK",-7,2,,,51,24,0.529,0.5,foul,,55,18,0.436,0.444,10,604
23,CENTREM,Rhodes Men's Basketball,76-74,76,74,"18-5, 12-3","16-9, 12-3",02/17/13,Lose,264,No Location Recorded,3:00 PM,10:04,,59,52,"TURNOVER  by MCGRAIL,PATRICK",-7,2,,,51,24,0.529,0.5,,,55,18,0.436,0.444,10,604
23,CENTREM,Rhodes Men's Basketball,76-74,76,74,"18-5, 12-3","16-9, 12-3",02/17/13,Lose,264,No Location Recorded,3:00 PM,10:04,,59,52,"SUB IN by GALOW,ANDREW",-7,2,,,51,24,0.529,0.5,,,55,18,0.436,0.444,10,604
23,CENTREM,Rhodes Men's Basketball,76-74,76,74,"18-5, 12-3","16-9, 12-3",02/17/13,Lose,264,No Location Recorded,3:00 PM,10:04,,59,52,"SUB OUT by COLLINS,LUKE",-7,2,,,51,24,0.529,0.5,,,55,18,0.436,0.444,10,604
23,CENTREM,Rhodes Men's Basketball,76-74,76,74,"18-5, 12-3","16-9, 12-3",02/17/13,Lose,264,No Location Recorded,3:00 PM,09:30,"MISS 3PTR by ELLIS,BRYON",59,52,,-7,2,3ptr,miss,52,25,0.519,0.48,,,55,18,0.436,0.444,09,570
23,CENTREM,Rhodes Men's Basketball,76-74,76,74,"18-5, 12-3","16-9, 12-3",02/17/13,Lose,264,No Location Recorded,3:00 PM,09:30,,59,52,"REBOUND DEF by MILLER,DREW",-7,2,,,52,25,0.519,0.48,,,55,18,0.436,0.444,09,570
23,CENTREM,Rhodes Men's Basketball,76-74,76,74,"18-5, 12-3","16-9, 12-3",02/17/13,Lose,264,No Location Recorded,3:00 PM,09:16,,59,54,"GOOD LAYUP by GALOW,ANDREW(in the paint)",-5,2,,,52,25,0.519,0.48,layup,good,56,18,0.446,0.444,09,556
23,CENTREM,Rhodes Men's Basketball,76-74,76,74,"18-5, 12-3","16-9, 12-3",02/17/13,Lose,264,No Location Recorded,3:00 PM,09:16,"FOUL  by ELLIS,BRYON",59,54,,-5,2,foul,,52,25,0.519,0.48,,,56,18,0.446,0.444,09,556
23,CENTREM,Rhodes Men's Basketball,76-74,76,74,"18-5, 12-3","16-9, 12-3",02/17/13,Lose,264,No Location Recorded,3:00 PM,09:16,,59,55,"GOOD FT by GALOW,ANDREW",-4,2,,,52,25,0.519,0.48,ft,good,57,18,0.456,0.444,09,556
23,CENTREM,Rhodes Men's Basketball,76-74,76,74,"18-5, 12-3","16-9, 12-3",02/17/13,Lose,264,No Location Recorded,3:00 PM,09:16,"SUB IN by WHITESIDE,DONOVAN",59,55,,-4,2,,,52,25,0.519,0.48,,,57,18,0.456,0.444,09,556
23,CENTREM,Rhodes Men's Basketball,76-74,76,74,"18-5, 12-3","16-9, 12-3",02/17/13,Lose,264,No Location Recorded,3:00 PM,09:16,"SUB OUT by LOPEZ,COLLIN",59,55,,-4,2,,,52,25,0.519,0.48,,,57,18,0.456,0.444,09,556
23,CENTREM,Rhodes Men's Basketball,76-74,76,74,"18-5, 12-3","16-9, 12-3",02/17/13,Lose,264,No Location Recorded,3:00 PM,09:02,"MISS 3PTR by KARSNER,JOSH",59,55,,-4,2,3ptr,miss,53,26,0.509,0.462,,,57,18,0.456,0.444,09,542
23,CENTREM,Rhodes Men's Basketball,76-74,76,74,"18-5, 12-3","16-9, 12-3",02/17/13,Lose,264,No Location Recorded,3:00 PM,09:02,,59,55,"REBOUND DEF by MILLER,DREW",-4,2,,,53,26,0.509,0.462,,,57,18,0.456,0.444,09,542
23,CENTREM,Rhodes Men's Basketball,76-74,76,74,"18-5, 12-3","16-9, 12-3",02/17/13,Lose,264,No Location Recorded,3:00 PM,08:54,,59,55,"MISS LAYUP by GALOW,ANDREW",-4,2,,,53,26,0.509,0.462,layup,miss,58,18,0.448,0.444,08,534
23,CENTREM,Rhodes Men's Basketball,76-74,76,74,"18-5, 12-3","16-9, 12-3",02/17/13,Lose,264,No Location Recorded,3:00 PM,08:54,"REBOUND DEF by WHITESIDE,DONOVAN",59,55,,-4,2,,,53,26,0.509,0.462,,,58,18,0.448,0.444,08,534
23,CENTREM,Rhodes Men's Basketball,76-74,76,74,"18-5, 12-3","16-9, 12-3",02/17/13,Lose,264,No Location Recorded,3:00 PM,08:50,"GOOD LAYUP by WESLEY,TYLER(fastbreak)(in the paint)",61,55,,-6,2,layup,good,54,26,0.519,0.462,,,58,18,0.448,0.444,08,530
23,CENTREM,Rhodes Men's Basketball,76-74,76,74,"18-5, 12-3","16-9, 12-3",02/17/13,Lose,264,No Location Recorded,3:00 PM,08:50,"ASSIST  by WHITESIDE,DONOVAN",61,55,,-6,2,,,54,26,0.519,0.462,,,58,18,0.448,0.444,08,530
23,CENTREM,Rhodes Men's Basketball,76-74,76,74,"18-5, 12-3","16-9, 12-3",02/17/13,Lose,264,No Location Recorded,3:00 PM,08:31,,61,55,"MISS JUMPER by HOECK,RYAN VAN",-6,2,,,54,26,0.519,0.462,jumper,miss,59,18,0.441,0.444,08,511
23,CENTREM,Rhodes Men's Basketball,76-74,76,74,"18-5, 12-3","16-9, 12-3",02/17/13,Lose,264,No Location Recorded,3:00 PM,08:31,"BLOCK  by WESLEY,TYLER",61,55,,-6,2,,,54,26,0.519,0.462,,,59,18,0.441,0.444,08,511
23,CENTREM,Rhodes Men's Basketball,76-74,76,74,"18-5, 12-3","16-9, 12-3",02/17/13,Lose,264,No Location Recorded,3:00 PM,08:31,"REBOUND DEF by WHITESIDE,DONOVAN",61,55,,-6,2,,,54,26,0.519,0.462,,,59,18,0.441,0.444,08,511
23,CENTREM,Rhodes Men's Basketball,76-74,76,74,"18-5, 12-3","16-9, 12-3",02/17/13,Lose,264,No Location Recorded,3:00 PM,08:11,"GOOD JUMPER by GRIGGS,MATT",63,55,,-8,2,jumper,good,55,26,0.527,0.462,,,59,18,0.441,0.444,08,491
23,CENTREM,Rhodes Men's Basketball,76-74,76,74,"18-5, 12-3","16-9, 12-3",02/17/13,Lose,264,No Location Recorded,3:00 PM,07:58,,63,55,TIMEOUT TEAM by TEAM,-8,2,,,55,26,0.527,0.462,,,59,18,0.441,0.444,07,478
23,CENTREM,Rhodes Men's Basketball,76-74,76,74,"18-5, 12-3","16-9, 12-3",02/17/13,Lose,264,No Location Recorded,3:00 PM,07:58,,63,55,"SUB IN by HARTWELL,THEO",-8,2,,,55,26,0.527,0.462,,,59,18,0.441,0.444,07,478
23,CENTREM,Rhodes Men's Basketball,76-74,76,74,"18-5, 12-3","16-9, 12-3",02/17/13,Lose,264,No Location Recorded,3:00 PM,07:58,,63,55,"SUB IN by WAGNER,MATT",-8,2,,,55,26,0.527,0.462,,,59,18,0.441,0.444,07,478
23,CENTREM,Rhodes Men's Basketball,76-74,76,74,"18-5, 12-3","16-9, 12-3",02/17/13,Lose,264,No Location Recorded,3:00 PM,07:58,,63,55,"SUB OUT by GALLAGHER,MICHAEL",-8,2,,,55,26,0.527,0.462,,,59,18,0.441,0.444,07,478
23,CENTREM,Rhodes Men's Basketball,76-74,76,74,"18-5, 12-3","16-9, 12-3",02/17/13,Lose,264,No Location Recorded,3:00 PM,07:58,,63,55,"SUB OUT by HOECK,RYAN VAN",-8,2,,,55,26,0.527,0.462,,,59,18,0.441,0.444,07,478
23,CENTREM,Rhodes Men's Basketball,76-74,76,74,"18-5, 12-3","16-9, 12-3",02/17/13,Lose,264,No Location Recorded,3:00 PM,07:38,"FOUL  by WESLEY,TYLER",63,55,,-8,2,foul,,55,26,0.527,0.462,,,59,18,0.441,0.444,07,458
23,CENTREM,Rhodes Men's Basketball,76-74,76,74,"18-5, 12-3","16-9, 12-3",02/17/13,Lose,264,No Location Recorded,3:00 PM,07:38,,63,56,"GOOD FT by HARTWELL,THEO",-7,2,,,55,26,0.527,0.462,ft,good,60,18,0.45,0.444,07,458
23,CENTREM,Rhodes Men's Basketball,76-74,76,74,"18-5, 12-3","16-9, 12-3",02/17/13,Lose,264,No Location Recorded,3:00 PM,07:38,,63,57,"GOOD FT by HARTWELL,THEO",-6,2,,,55,26,0.527,0.462,ft,good,61,18,0.459,0.444,07,458
23,CENTREM,Rhodes Men's Basketball,76-74,76,74,"18-5, 12-3","16-9, 12-3",02/17/13,Lose,264,No Location Recorded,3:00 PM,07:38,"SUB IN by TAYLOR,CHRIS",63,57,,-6,2,,,55,26,0.527,0.462,,,61,18,0.459,0.444,07,458
23,CENTREM,Rhodes Men's Basketball,76-74,76,74,"18-5, 12-3","16-9, 12-3",02/17/13,Lose,264,No Location Recorded,3:00 PM,07:38,"SUB OUT by GRIGGS,MATT",63,57,,-6,2,,,55,26,0.527,0.462,,,61,18,0.459,0.444,07,458
23,CENTREM,Rhodes Men's Basketball,76-74,76,74,"18-5, 12-3","16-9, 12-3",02/17/13,Lose,264,No Location Recorded,3:00 PM,07:03,"GOOD LAYUP by TAYLOR,CHRIS(in the paint)",65,57,,-8,2,layup,good,56,26,0.536,0.462,,,61,18,0.459,0.444,07,423
23,CENTREM,Rhodes Men's Basketball,76-74,76,74,"18-5, 12-3","16-9, 12-3",02/17/13,Lose,264,No Location Recorded,3:00 PM,06:34,,65,57,"TURNOVER  by WAGNER,MATT",-8,2,,,56,26,0.536,0.462,,,61,18,0.459,0.444,06,394
23,CENTREM,Rhodes Men's Basketball,76-74,76,74,"18-5, 12-3","16-9, 12-3",02/17/13,Lose,264,No Location Recorded,3:00 PM,06:34,"STEAL  by NEWSOME,TAYLOR",65,57,,-8,2,,,56,26,0.536,0.462,,,61,18,0.459,0.444,06,394
23,CENTREM,Rhodes Men's Basketball,76-74,76,74,"18-5, 12-3","16-9, 12-3",02/17/13,Lose,264,No Location Recorded,3:00 PM,06:34,,65,57,"SUB IN by MILLER,DREW",-8,2,,,56,26,0.536,0.462,,,61,18,0.459,0.444,06,394
23,CENTREM,Rhodes Men's Basketball,76-74,76,74,"18-5, 12-3","16-9, 12-3",02/17/13,Lose,264,No Location Recorded,3:00 PM,06:34,,65,57,"SUB OUT by WAGNER,MATT",-8,2,,,56,26,0.536,0.462,,,61,18,0.459,0.444,06,394
23,CENTREM,Rhodes Men's Basketball,76-74,76,74,"18-5, 12-3","16-9, 12-3",02/17/13,Lose,264,No Location Recorded,3:00 PM,06:18,"GOOD JUMPER by ELLIS,BRYON",67,57,,-10,2,jumper,good,57,26,0.544,0.462,,,61,18,0.459,0.444,06,378
23,CENTREM,Rhodes Men's Basketball,76-74,76,74,"18-5, 12-3","16-9, 12-3",02/17/13,Lose,264,No Location Recorded,3:00 PM,06:02,"FOUL  by TAYLOR,CHRIS",67,57,,-10,2,foul,,57,26,0.544,0.462,,,61,18,0.459,0.444,06,362
23,CENTREM,Rhodes Men's Basketball,76-74,76,74,"18-5, 12-3","16-9, 12-3",02/17/13,Lose,264,No Location Recorded,3:00 PM,06:02,,67,58,"GOOD FT by MILLER,DREW",-9,2,,,57,26,0.544,0.462,ft,good,62,18,0.468,0.444,06,362
23,CENTREM,Rhodes Men's Basketball,76-74,76,74,"18-5, 12-3","16-9, 12-3",02/17/13,Lose,264,No Location Recorded,3:00 PM,06:02,,67,59,"GOOD FT by MILLER,DREW",-8,2,,,57,26,0.544,0.462,ft,good,63,18,0.476,0.444,06,362
23,CENTREM,Rhodes Men's Basketball,76-74,76,74,"18-5, 12-3","16-9, 12-3",02/17/13,Lose,264,No Location Recorded,3:00 PM,06:02,,67,59,"SUB IN by LIVSEY,GEOFF",-8,2,,,57,26,0.544,0.462,,,63,18,0.476,0.444,06,362
23,CENTREM,Rhodes Men's Basketball,76-74,76,74,"18-5, 12-3","16-9, 12-3",02/17/13,Lose,264,No Location Recorded,3:00 PM,05:47,"MISS 3PTR by ELLIS,BRYON",67,59,,-8,2,3ptr,miss,58,27,0.534,0.444,,,63,18,0.476,0.444,05,347
23,CENTREM,Rhodes Men's Basketball,76-74,76,74,"18-5, 12-3","16-9, 12-3",02/17/13,Lose,264,No Location Recorded,3:00 PM,05:47,,67,59,"REBOUND DEF by GALOW,ANDREW",-8,2,,,58,27,0.534,0.444,,,63,18,0.476,0.444,05,347
23,CENTREM,Rhodes Men's Basketball,76-74,76,74,"18-5, 12-3","16-9, 12-3",02/17/13,Lose,264,No Location Recorded,3:00 PM,05:38,,67,59,"MISS 3PTR by MILLER,DREW",-8,2,,,58,27,0.534,0.444,3ptr,miss,64,19,0.469,0.421,05,338
23,CENTREM,Rhodes Men's Basketball,76-74,76,74,"18-5, 12-3","16-9, 12-3",02/17/13,Lose,264,No Location Recorded,3:00 PM,05:38,"BLOCK  by WHITESIDE,DONOVAN",67,59,,-8,2,,,58,27,0.534,0.444,,,64,19,0.469,0.421,05,338
23,CENTREM,Rhodes Men's Basketball,76-74,76,74,"18-5, 12-3","16-9, 12-3",02/17/13,Lose,264,No Location Recorded,3:00 PM,05:38,,67,59,"REBOUND OFF by LIVSEY,GEOFF",-8,2,,,58,27,0.534,0.444,,,64,19,0.469,0.421,05,338
23,CENTREM,Rhodes Men's Basketball,76-74,76,74,"18-5, 12-3","16-9, 12-3",02/17/13,Lose,264,No Location Recorded,3:00 PM,05:32,,67,61,"GOOD LAYUP by LIVSEY,GEOFF(in the paint)",-6,2,,,58,27,0.534,0.444,layup,good,65,19,0.477,0.421,05,332
23,CENTREM,Rhodes Men's Basketball,76-74,76,74,"18-5, 12-3","16-9, 12-3",02/17/13,Lose,264,No Location Recorded,3:00 PM,04:59,"MISS 3PTR by ELLIS,BRYON",67,61,,-6,2,3ptr,miss,59,28,0.525,0.429,,,65,19,0.477,0.421,04,299
23,CENTREM,Rhodes Men's Basketball,76-74,76,74,"18-5, 12-3","16-9, 12-3",02/17/13,Lose,264,No Location Recorded,3:00 PM,04:59,,67,61,REBOUND DEF by TEAM,-6,2,,,59,28,0.525,0.429,,,65,19,0.477,0.421,04,299
23,CENTREM,Rhodes Men's Basketball,76-74,76,74,"18-5, 12-3","16-9, 12-3",02/17/13,Lose,264,No Location Recorded,3:00 PM,04:52,,67,61,"TURNOVER  by GALOW,ANDREW",-6,2,,,59,28,0.525,0.429,,,65,19,0.477,0.421,04,292
23,CENTREM,Rhodes Men's Basketball,76-74,76,74,"18-5, 12-3","16-9, 12-3",02/17/13,Lose,264,No Location Recorded,3:00 PM,04:52,"STEAL  by ELLIS,BRYON",67,61,,-6,2,,,59,28,0.525,0.429,,,65,19,0.477,0.421,04,292
23,CENTREM,Rhodes Men's Basketball,76-74,76,74,"18-5, 12-3","16-9, 12-3",02/17/13,Lose,264,No Location Recorded,3:00 PM,04:49,"GOOD LAYUP by ELLIS,BRYON(fastbreak)(in the paint)",69,61,,-8,2,layup,good,60,28,0.533,0.429,,,65,19,0.477,0.421,04,289
23,CENTREM,Rhodes Men's Basketball,76-74,76,74,"18-5, 12-3","16-9, 12-3",02/17/13,Lose,264,No Location Recorded,3:00 PM,04:37,,69,64,"GOOD 3PTR by MCGRAIL,PATRICK",-5,2,,,60,28,0.533,0.429,3ptr,good,66,20,0.485,0.45,04,277
23,CENTREM,Rhodes Men's Basketball,76-74,76,74,"18-5, 12-3","16-9, 12-3",02/17/13,Lose,264,No Location Recorded,3:00 PM,04:37,,69,64,"ASSIST  by HARTWELL,THEO",-5,2,,,60,28,0.533,0.429,,,66,20,0.485,0.45,04,277
23,CENTREM,Rhodes Men's Basketball,76-74,76,74,"18-5, 12-3","16-9, 12-3",02/17/13,Lose,264,No Location Recorded,3:00 PM,04:11,"MISS JUMPER by WHITESIDE,DONOVAN",69,64,,-5,2,jumper,miss,61,28,0.525,0.429,,,66,20,0.485,0.45,04,251
23,CENTREM,Rhodes Men's Basketball,76-74,76,74,"18-5, 12-3","16-9, 12-3",02/17/13,Lose,264,No Location Recorded,3:00 PM,04:11,,69,64,"REBOUND DEF by HARTWELL,THEO",-5,2,,,61,28,0.525,0.429,,,66,20,0.485,0.45,04,251
23,CENTREM,Rhodes Men's Basketball,76-74,76,74,"18-5, 12-3","16-9, 12-3",02/17/13,Lose,264,No Location Recorded,3:00 PM,03:52,,69,64,"TURNOVER  by HARTWELL,THEO",-5,2,,,61,28,0.525,0.429,,,66,20,0.485,0.45,03,232
23,CENTREM,Rhodes Men's Basketball,76-74,76,74,"18-5, 12-3","16-9, 12-3",02/17/13,Lose,264,No Location Recorded,3:00 PM,03:51,"STEAL  by WHITESIDE,DONOVAN",69,64,,-5,2,,,61,28,0.525,0.429,,,66,20,0.485,0.45,03,231
23,CENTREM,Rhodes Men's Basketball,76-74,76,74,"18-5, 12-3","16-9, 12-3",02/17/13,Lose,264,No Location Recorded,3:00 PM,03:36,"MISS 3PTR by KARSNER,JOSH",69,64,,-5,2,3ptr,miss,62,29,0.516,0.414,,,66,20,0.485,0.45,03,216
23,CENTREM,Rhodes Men's Basketball,76-74,76,74,"18-5, 12-3","16-9, 12-3",02/17/13,Lose,264,No Location Recorded,3:00 PM,03:36,,69,64,"REBOUND DEF by GALOW,ANDREW",-5,2,,,62,29,0.516,0.414,,,66,20,0.485,0.45,03,216
23,CENTREM,Rhodes Men's Basketball,76-74,76,74,"18-5, 12-3","16-9, 12-3",02/17/13,Lose,264,No Location Recorded,3:00 PM,03:14,,69,64,"MISS 3PTR by MILLER,DREW",-5,2,,,62,29,0.516,0.414,3ptr,miss,67,21,0.478,0.429,03,194
23,CENTREM,Rhodes Men's Basketball,76-74,76,74,"18-5, 12-3","16-9, 12-3",02/17/13,Lose,264,No Location Recorded,3:00 PM,03:14,"REBOUND DEF by WESLEY,TYLER",69,64,,-5,2,,,62,29,0.516,0.414,,,67,21,0.478,0.429,03,194
23,CENTREM,Rhodes Men's Basketball,76-74,76,74,"18-5, 12-3","16-9, 12-3",02/17/13,Lose,264,No Location Recorded,3:00 PM,03:03,TIMEOUT TEAM by TEAM,69,64,,-5,2,,,62,29,0.516,0.414,,,67,21,0.478,0.429,03,183
23,CENTREM,Rhodes Men's Basketball,76-74,76,74,"18-5, 12-3","16-9, 12-3",02/17/13,Lose,264,No Location Recorded,3:00 PM,02:37,"MISS 3PTR by WHITESIDE,DONOVAN",69,64,,-5,2,3ptr,miss,63,30,0.508,0.4,,,67,21,0.478,0.429,02,157
23,CENTREM,Rhodes Men's Basketball,76-74,76,74,"18-5, 12-3","16-9, 12-3",02/17/13,Lose,264,No Location Recorded,3:00 PM,02:37,,69,64,"REBOUND DEF by GALOW,ANDREW",-5,2,,,63,30,0.508,0.4,,,67,21,0.478,0.429,02,157
23,CENTREM,Rhodes Men's Basketball,76-74,76,74,"18-5, 12-3","16-9, 12-3",02/17/13,Lose,264,No Location Recorded,3:00 PM,02:25,,69,66,"GOOD LAYUP by LIVSEY,GEOFF(in the paint)",-3,2,,,63,30,0.508,0.4,layup,good,68,21,0.485,0.429,02,145
23,CENTREM,Rhodes Men's Basketball,76-74,76,74,"18-5, 12-3","16-9, 12-3",02/17/13,Lose,264,No Location Recorded,3:00 PM,01:55,"GOOD JUMPER by ELLIS,BRYON(in the paint)",71,66,,-5,2,jumper,good,64,30,0.516,0.4,,,68,21,0.485,0.429,01,115
23,CENTREM,Rhodes Men's Basketball,76-74,76,74,"18-5, 12-3","16-9, 12-3",02/17/13,Lose,264,No Location Recorded,3:00 PM,01:45,,71,69,"GOOD 3PTR by MCGRAIL,PATRICK",-2,2,,,64,30,0.516,0.4,3ptr,good,69,22,0.493,0.455,01,105
23,CENTREM,Rhodes Men's Basketball,76-74,76,74,"18-5, 12-3","16-9, 12-3",02/17/13,Lose,264,No Location Recorded,3:00 PM,01:45,,71,69,"ASSIST  by MILLER,DREW",-2,2,,,64,30,0.516,0.4,,,69,22,0.493,0.455,01,105
23,CENTREM,Rhodes Men's Basketball,76-74,76,74,"18-5, 12-3","16-9, 12-3",02/17/13,Lose,264,No Location Recorded,3:00 PM,01:09,"MISS LAYUP by TAYLOR,CHRIS",71,69,,-2,2,layup,miss,65,30,0.508,0.4,,,69,22,0.493,0.455,01,69
23,CENTREM,Rhodes Men's Basketball,76-74,76,74,"18-5, 12-3","16-9, 12-3",02/17/13,Lose,264,No Location Recorded,3:00 PM,01:09,,71,69,"BLOCK  by MILLER,DREW",-2,2,,,65,30,0.508,0.4,,,69,22,0.493,0.455,01,69
23,CENTREM,Rhodes Men's Basketball,76-74,76,74,"18-5, 12-3","16-9, 12-3",02/17/13,Lose,264,No Location Recorded,3:00 PM,01:09,"REBOUND OFF by WESLEY,TYLER",71,69,,-2,2,,,65,30,0.508,0.4,,,69,22,0.493,0.455,01,69
23,CENTREM,Rhodes Men's Basketball,76-74,76,74,"18-5, 12-3","16-9, 12-3",02/17/13,Lose,264,No Location Recorded,3:00 PM,01:03,"MISS LAYUP by WESLEY,TYLER",71,69,,-2,2,layup,miss,66,30,0.5,0.4,,,69,22,0.493,0.455,01,63
23,CENTREM,Rhodes Men's Basketball,76-74,76,74,"18-5, 12-3","16-9, 12-3",02/17/13,Lose,264,No Location Recorded,3:00 PM,01:03,,71,69,"REBOUND DEF by HARTWELL,THEO",-2,2,,,66,30,0.5,0.4,,,69,22,0.493,0.455,01,63
23,CENTREM,Rhodes Men's Basketball,76-74,76,74,"18-5, 12-3","16-9, 12-3",02/17/13,Lose,264,No Location Recorded,3:00 PM,00:46,,71,69,"MISS LAYUP by HARTWELL,THEO",-2,2,,,66,30,0.5,0.4,layup,miss,70,22,0.486,0.455,00,46
23,CENTREM,Rhodes Men's Basketball,76-74,76,74,"18-5, 12-3","16-9, 12-3",02/17/13,Lose,264,No Location Recorded,3:00 PM,00:46,"REBOUND DEF by KARSNER,JOSH",71,69,,-2,2,,,66,30,0.5,0.4,,,70,22,0.486,0.455,00,46
23,CENTREM,Rhodes Men's Basketball,76-74,76,74,"18-5, 12-3","16-9, 12-3",02/17/13,Lose,264,No Location Recorded,3:00 PM,00:38,,71,69,"FOUL  by GALOW,ANDREW",-2,2,,,66,30,0.5,0.4,foul,,70,22,0.486,0.455,00,38
23,CENTREM,Rhodes Men's Basketball,76-74,76,74,"18-5, 12-3","16-9, 12-3",02/17/13,Lose,264,No Location Recorded,3:00 PM,00:38,"GOOD FT by TAYLOR,CHRIS",72,69,,-3,2,ft,good,67,30,0.507,0.4,,,70,22,0.486,0.455,00,38
23,CENTREM,Rhodes Men's Basketball,76-74,76,74,"18-5, 12-3","16-9, 12-3",02/17/13,Lose,264,No Location Recorded,3:00 PM,00:38,"GOOD FT by TAYLOR,CHRIS",73,69,,-4,2,ft,good,68,30,0.515,0.4,,,70,22,0.486,0.455,00,38
23,CENTREM,Rhodes Men's Basketball,76-74,76,74,"18-5, 12-3","16-9, 12-3",02/17/13,Lose,264,No Location Recorded,3:00 PM,00:38,TIMEOUT TEAM by TEAM,73,69,,-4,2,,,68,30,0.515,0.4,,,70,22,0.486,0.455,00,38
23,CENTREM,Rhodes Men's Basketball,76-74,76,74,"18-5, 12-3","16-9, 12-3",02/17/13,Lose,264,No Location Recorded,3:00 PM,00:27,"FOUL  by WHITESIDE,DONOVAN",73,69,,-4,2,foul,,68,30,0.515,0.4,,,70,22,0.486,0.455,00,27
23,CENTREM,Rhodes Men's Basketball,76-74,76,74,"18-5, 12-3","16-9, 12-3",02/17/13,Lose,264,No Location Recorded,3:00 PM,00:27,,73,70,"GOOD FT by LIVSEY,GEOFF",-3,2,,,68,30,0.515,0.4,ft,good,71,22,0.493,0.455,00,27
23,CENTREM,Rhodes Men's Basketball,76-74,76,74,"18-5, 12-3","16-9, 12-3",02/17/13,Lose,264,No Location Recorded,3:00 PM,00:27,,73,71,"GOOD FT by LIVSEY,GEOFF",-2,2,,,68,30,0.515,0.4,ft,good,72,22,0.5,0.455,00,27
23,CENTREM,Rhodes Men's Basketball,76-74,76,74,"18-5, 12-3","16-9, 12-3",02/17/13,Lose,264,No Location Recorded,3:00 PM,00:27,,73,71,"SUB IN by COLLINS,LUKE",-2,2,,,68,30,0.515,0.4,,,72,22,0.5,0.455,00,27
23,CENTREM,Rhodes Men's Basketball,76-74,76,74,"18-5, 12-3","16-9, 12-3",02/17/13,Lose,264,No Location Recorded,3:00 PM,00:27,,73,71,"SUB OUT by LIVSEY,GEOFF",-2,2,,,68,30,0.515,0.4,,,72,22,0.5,0.455,00,27
23,CENTREM,Rhodes Men's Basketball,76-74,76,74,"18-5, 12-3","16-9, 12-3",02/17/13,Lose,264,No Location Recorded,3:00 PM,00:24,TIMEOUT TEAM by TEAM,73,71,,-2,2,,,68,30,0.515,0.4,,,72,22,0.5,0.455,00,24
23,CENTREM,Rhodes Men's Basketball,76-74,76,74,"18-5, 12-3","16-9, 12-3",02/17/13,Lose,264,No Location Recorded,3:00 PM,00:20,,73,71,"FOUL  by MCGRAIL,PATRICK",-2,2,,,68,30,0.515,0.4,foul,,72,22,0.5,0.455,00,20
23,CENTREM,Rhodes Men's Basketball,76-74,76,74,"18-5, 12-3","16-9, 12-3",02/17/13,Lose,264,No Location Recorded,3:00 PM,00:20,"GOOD FT by WHITESIDE,DONOVAN",74,71,,-3,2,ft,good,69,30,0.522,0.4,,,72,22,0.5,0.455,00,20
23,CENTREM,Rhodes Men's Basketball,76-74,76,74,"18-5, 12-3","16-9, 12-3",02/17/13,Lose,264,No Location Recorded,3:00 PM,00:20,"GOOD FT by WHITESIDE,DONOVAN",75,71,,-4,2,ft,good,70,30,0.529,0.4,,,72,22,0.5,0.455,00,20
23,CENTREM,Rhodes Men's Basketball,76-74,76,74,"18-5, 12-3","16-9, 12-3",02/17/13,Lose,264,No Location Recorded,3:00 PM,00:20,,75,71,"SUB IN by LIVSEY,GEOFF",-4,2,,,70,30,0.529,0.4,,,72,22,0.5,0.455,00,20
23,CENTREM,Rhodes Men's Basketball,76-74,76,74,"18-5, 12-3","16-9, 12-3",02/17/13,Lose,264,No Location Recorded,3:00 PM,00:20,,75,71,"SUB OUT by COLLINS,LUKE",-4,2,,,70,30,0.529,0.4,,,72,22,0.5,0.455,00,20
23,CENTREM,Rhodes Men's Basketball,76-74,76,74,"18-5, 12-3","16-9, 12-3",02/17/13,Lose,264,No Location Recorded,3:00 PM,00:13,,75,74,"GOOD 3PTR by LIVSEY,GEOFF",-1,2,,,70,30,0.529,0.4,3ptr,good,73,23,0.507,0.478,00,13
23,CENTREM,Rhodes Men's Basketball,76-74,76,74,"18-5, 12-3","16-9, 12-3",02/17/13,Lose,264,No Location Recorded,3:00 PM,00:13,,75,74,"ASSIST  by GALOW,ANDREW",-1,2,,,70,30,0.529,0.4,,,73,23,0.507,0.478,00,13
23,CENTREM,Rhodes Men's Basketball,76-74,76,74,"18-5, 12-3","16-9, 12-3",02/17/13,Lose,264,No Location Recorded,3:00 PM,00:10,,75,74,"FOUL  by LIVSEY,GEOFF",-1,2,,,70,30,0.529,0.4,foul,,73,23,0.507,0.478,00,10
23,CENTREM,Rhodes Men's Basketball,76-74,76,74,"18-5, 12-3","16-9, 12-3",02/17/13,Lose,264,No Location Recorded,3:00 PM,00:10,"GOOD FT by TAYLOR,CHRIS",76,74,,-2,2,ft,good,71,30,0.535,0.4,,,73,23,0.507,0.478,00,10
23,CENTREM,Rhodes Men's Basketball,76-74,76,74,"18-5, 12-3","16-9, 12-3",02/17/13,Lose,264,No Location Recorded,3:00 PM,00:10,"MISS FT by TAYLOR,CHRIS",76,74,,-2,2,ft,miss,72,30,0.528,0.4,,,73,23,0.507,0.478,00,10
23,CENTREM,Rhodes Men's Basketball,76-74,76,74,"18-5, 12-3","16-9, 12-3",02/17/13,Lose,264,No Location Recorded,3:00 PM,00:10,,76,74,"REBOUND DEF by HARTWELL,THEO",-2,2,,,72,30,0.528,0.4,,,73,23,0.507,0.478,00,10
23,CENTREM,Rhodes Men's Basketball,76-74,76,74,"18-5, 12-3","16-9, 12-3",02/17/13,Lose,264,No Location Recorded,3:00 PM,00:10,,76,74,"SUB IN by GALLAGHER,MICHAEL",-2,2,,,72,30,0.528,0.4,,,73,23,0.507,0.478,00,10
23,CENTREM,Rhodes Men's Basketball,76-74,76,74,"18-5, 12-3","16-9, 12-3",02/17/13,Lose,264,No Location Recorded,3:00 PM,00:10,,76,74,"SUB OUT by LIVSEY,GEOFF",-2,2,,,72,30,0.528,0.4,,,73,23,0.507,0.478,00,10
23,CENTREM,Rhodes Men's Basketball,76-74,76,74,"18-5, 12-3","16-9, 12-3",02/17/13,Lose,264,No Location Recorded,3:00 PM,00:00,,76,74,"MISS 3PTR by MILLER,DREW",-2,2,,,72,30,0.528,0.4,3ptr,miss,74,24,0.5,0.458,00,0
23,CENTREM,Rhodes Men's Basketball,76-74,76,74,"18-5, 12-3","16-9, 12-3",02/17/13,Lose,264,No Location Recorded,3:00 PM,00:00,,76,74,"REBOUND OFF by MCGRAIL,PATRICK",-2,2,,,72,30,0.528,0.4,,,74,24,0.5,0.458,00,0
